0.00160019,0.0112879,-0.00402542,
0.000591899,0.00620586,6.01697e-06,
0.000592258,0.00620573,6.01697e-06,
0.00059271,0.00620569,3.78064e-05,
0.000593116,0.0062056,6.01697e-06,
0.000593522,0.00620549,6.01697e-06,
0.000593873,0.00620544,6.01697e-06,
0.000594357,0.00620535,3.78064e-05,
0.000594801,0.00620526,6.01697e-06,
0.000595114,0.00620521,6.01697e-06,
0.00059555,0.00620518,6.01697e-06,
0.000595987,0.0062051,6.01697e-06,
0.000596385,0.00620498,0.000196277,
0.000596721,0.00620493,0.000196277,
0.000597127,0.00620484,0.000196277,
0.000597517,0.00620474,0.000196277,
0.000597915,0.00620466,0.000196277,
0.000598382,0.00620459,0.000196277,
0.000598765,0.00620457,0.000196277,
0.000599139,0.00620446,0.000196277,
-0.00205164,0.00618063,5.54014e-06,
-0.00205027,0.00618057,5.54014e-06,
-0.00205756,0.00618047,0.0001958,
-0.00532018,0.00616048,0.000122684,
-0.00533071,0.00614548,0.000195323,
-0.00534956,0.00614499,0.000195323,
-0.00532698,0.0061451,0.000195323,
-0.00886536,0.00613772,0.000139215,
-0.00885132,0.00609808,3.63759e-05,
-0.931183,-0.0064144,-5.42465e-06,
-0.00891769,0.00612438,9.94779e-05,
-0.00891621,0.00612406,0.000163057,
-0.00884425,0.00614402,0.00017625,
-0.00885041,0.0061131,0.000194846,
-0.00885275,0.00611306,0.000131267,
-0.0088568,0.00613659,7.65901e-05,
-0.00885669,0.0060979,3.63759e-05,
-0.930773,-0.00647765,-3.72141e-05,
-0.00895291,0.0061231,9.94779e-05,
-0.00886796,0.00612354,0.000131267,
-0.00887294,0.00614731,0.00010838,
-0.00885172,0.00610876,0.000131267,
-0.00887671,0.0061085,0.000194846,
-0.00882697,0.00610905,0.000163057,
-0.00883776,0.00613293,0.000171005,
-0.00887898,0.00609367,3.63759e-05,
-0.901989,-0.00630579,-7.59978e-05,
-0.00888439,0.00613569,6.76885e-05,
-0.00883713,0.00615415,8.13584e-05,
-0.00886487,0.00612372,0.000131267,
-0.00885203,0.006124,0.000131267,
-0.00884648,0.00612346,9.94779e-05,
-0.00883884,0.00615369,3.86019e-05,
-0.00883252,0.0061046,0.000194846,
-0.00885753,0.00610421,0.000194846,
-0.00882691,0.00612878,4.43238e-05,
-0.00885034,0.00608826,9.99548e-05,
-0.00886503,0.00608816,6.81653e-05,
-0.893139,-0.00621278,5.73587e-05,
-0.0090089,0.00612944,6.76885e-05,
-0.00887464,0.00613023,3.58991e-05,
-0.00886608,0.00613034,6.76885e-05,
-0.00891986,0.00614933,0.000143984,
-0.00889351,0.00611765,0.000163057,
-0.00883634,0.00614229,-1.83014e-05,
-0.00886638,0.00610286,0.000194846,
-0.00884999,0.00610317,0.000194846,
-0.00883386,0.00612689,0.000108856,
-0.00888538,0.00608755,9.99548e-05,
-0.00884302,0.00608872,6.81653e-05,
-0.00884449,0.00608825,3.63759e-05,
-0.89617,-0.00632191,8.85108e-05,
-0.00887137,0.00612713,9.94779e-05,
-0.00889938,0.00614465,8.18352e-05,
-0.00893646,0.00611448,9.94779e-05,
-0.00887188,0.00611515,9.94779e-05,
-0.00890955,0.00613775,0.000172435,
-0.00886252,0.0061002,0.000131267,
-0.00885947,0.00610063,0.000163057,
-0.00890684,0.00612407,0.000140169,
-0.00886101,0.00608568,4.58648e-06,
-0.00882313,0.00608607,4.58648e-06,
-0.00887957,0.00608483,3.63759e-05,
-0.892756,-0.0062318,0.00012666,
-0.00884559,0.00612594,4.10965e-06,
-0.00886098,0.00612582,3.58991e-05,
-0.00882638,0.00614931,0.000171958,
-0.00884659,0.00611057,9.94779e-05,
-0.00887037,0.00613374,0.000140169,
-0.00883309,0.00609535,9.94779e-05,
-0.00884896,0.00609534,0.000131267,
-0.00887424,0.00609538,0.000131267,
-0.0088284,0.00611237,1.96869e-05,
-0.00884629,0.00608405,4.58648e-06,
-0.00887398,0.00608382,4.58648e-06,
-0.893103,-0.00628391,9.34396e-05,
-0.00882999,0.00612128,3.58991e-05,
-0.00881944,0.00612116,3.58991e-05,
-0.0088191,0.0061384,0.000178157,
-0.00880904,0.00611048,9.94779e-05,
-0.00882068,0.00611039,3.58991e-05,
-0.00883744,0.00613294,0.000140646,
-0.00883197,0.00609527,0.000163057,
-0.00881896,0.00609555,0.000163057,
-0.0088201,0.00611859,4.57543e-05,
-0.00884797,0.00607935,4.58648e-06,
-0.00883925,0.00607972,4.58648e-06,
-0.892598,-0.00635528,3.84437e-05,
-0.00901691,0.00611962,0.000194369,
-0.00911038,0.00611862,0.000194369,
-0.0089899,0.00611994,0.000194369,
-0.00892627,0.00614313,0.000140646,
-0.00892165,0.00610557,3.58991e-05,
-0.00884327,0.00610632,9.94779e-05,
-0.00883383,0.00612861,-1.78245e-05,
-0.00885686,0.00609102,9.94779e-05,
-0.00887569,0.00610827,8.27889e-05,
-0.00884974,0.00607935,0.000194846,
-0.00883574,0.00608002,0.000194846,
-0.887416,-0.00634786,-1.45183e-06,
-0.0088241,0.00612389,0.000194369,
-0.00879702,0.00612442,0.00016258,
-0.00882895,0.00614576,1.39649e-05,
-0.00889063,0.00610785,3.58991e-05,
-0.00881101,0.00610869,6.76885e-05,
-0.00882353,0.00612483,0.000146845,
-0.00886939,0.00609695,9.94779e-05,
-0.00883119,0.00609761,9.94779e-05,
-0.921293,-0.00663183,6.33993e-05,
-0.00880923,0.00611993,0.00016258,
-0.00877727,0.00612077,0.000194369,
-0.00883209,0.00611939,0.00016258,
-0.00885825,0.00614126,0.000109333,
-0.00881771,0.0061048,3.58991e-05,
-0.0088061,0.00610486,4.10965e-06,
-0.00885453,0.00612097,8.27889e-05,
-0.00881811,0.00609349,9.94779e-05,
-0.00883086,0.00611437,7.80206e-05,
-0.00884987,0.00607876,0.000194846,
-0.00880453,0.00607851,0.000163057,
-0.911751,-0.00663883,6.92795e-05,
-0.00889903,0.00611802,0.00016258,
-0.00884952,0.00613968,4.62312e-05,
-0.00882846,0.00610338,3.58991e-05,
-0.00882603,0.00610347,3.58991e-05,
-0.00880851,0.00612423,1.53954e-05,
-0.00880486,0.00608905,9.94779e-05,
-0.00880505,0.00608958,9.94779e-05,
-0.00879147,0.00608961,9.94779e-05,
-0.00880634,0.0061062,8.32657e-05,
-0.00880885,0.00607794,9.94779e-05,
-0.902033,-0.00662326,-2.70425e-05,
-0.00881883,0.00611416,0.000130791,
-0.0087881,0.00613498,4.71848e-05,
-0.00877302,0.00610039,6.76885e-05,
-0.00879927,0.00610018,6.76885e-05,
-0.00878353,0.00610032,3.58991e-05,
-0.00880669,0.00611616,8.32657e-05,
-0.00881133,0.00608878,9.94779e-05,
-0.0087868,0.00608869,6.76885e-05,
-0.00880219,0.00610948,1.49186e-05,
-0.00879899,0.0060744,0.000163057,
-0.894047,-0.006526,5.16368e-05,
-0.00881945,0.00611488,0.00016258,
-0.00884003,0.00611457,0.00016258,
-0.00879622,0.00613612,1.53954e-05,
-0.00881355,0.00610097,4.10965e-06,
-0.0088604,0.00611665,5.14763e-05,
-0.00880426,0.00608955,9.94779e-05,
-0.0088021,0.0060901,6.76885e-05,
-0.930271,-0.00687545,0.000101388,
-0.00887029,0.00610882,0.000194369,
-0.00886265,0.00610918,0.00016258,
-0.00886777,0.00612469,0.000147321,
-0.00879161,0.00609905,3.58991e-05,
-0.0088208,0.00609876,9.94779e-05,
-0.00879338,0.00612048,4.6708e-05,
-0.00881521,0.00608457,3.58991e-05,
-0.00883942,0.00608409,9.94779e-05,
-0.9211,-0.00689867,-1.43262e-05,
-0.00888844,0.00610804,0.000130791,
-0.00884194,0.0061088,0.00016258,
-0.00882126,0.00610879,0.000130791,
-0.00880311,0.00612458,0.000115532,
-0.00880439,0.00609823,4.10965e-06,
-0.00880393,0.00609829,4.10965e-06,
-0.0088038,0.00611969,7.84974e-05,
-0.00880303,0.00608363,3.58991e-05,
-0.00881304,0.00610511,0.000142076,
-0.00881105,0.00606889,0.000163057,
-0.00879224,0.00606937,0.000163057,
-0.00879766,0.00607033,0.000194846,
-0.893118,-0.00666146,4.94108e-05,
-0.00889231,0.00610805,9.90011e-05,
-0.00885152,0.00610823,0.000130791,
-0.00885148,0.00612973,7.84974e-05,
-0.00881024,0.00609418,6.76885e-05,
-0.00878355,0.00609449,3.58991e-05,
-0.00879277,0.00611523,7.84974e-05,
-0.00880465,0.00608005,9.94779e-05,
-0.930283,-0.00703782,5.30673e-05,
-0.00888209,0.00610333,0.00016258,
-0.0088096,0.00610399,0.000130791,
-0.00879748,0.00612451,0.000174343,
-0.00877736,0.00608996,4.10965e-06,
-0.00877278,0.0060903,6.76885e-05,
-0.00879973,0.00608986,4.10965e-06,
-0.920835,-0.00699765,-5.32681e-05,
-0.00880838,0.00611382,0.000130791,
-0.00877672,0.00611394,0.000130791,
-0.00645172,0.00616072,-1.6394e-05,
-0.00648565,0.00612423,9.94779e-05,
-0.00646477,0.00612448,9.94779e-05,
-0.00318664,0.00617656,0.000178634,
-0.00319444,0.0061479,9.99548e-05,
-0.00318169,0.00614812,9.99548e-05,
0.000599254,0.00618843,3.68527e-05,
0.00060007,0.00618837,0.000100432,
0.000599685,0.00618825,0.000100432,
0.000662762,0.00618603,7.92429e-06,
0.000663535,0.0061906,0.000100432,
0.000664032,0.00619045,0.000100432,
0.000662794,0.00619076,0.000100432,
0.000663539,0.00619042,0.000100432,
0.000663787,0.00619064,6.86422e-05,
0.000664284,0.00619033,0.000100432,
0.000664781,0.00619061,0.000100432,
0.000665278,0.00619049,6.86422e-05,
0.000664288,0.0061904,0.000100432,
0.000664536,0.00619046,0.000100432,
0.000664785,0.0061904,6.86422e-05,
0.000665281,0.00619034,0.000100432,
0.00066454,0.00619022,6.86422e-05,
0.000665037,0.00619019,6.86422e-05,
0.000665533,0.0061901,0.000100432,
0.000665533,0.00619007,3.68527e-05,
0.00066603,0.00619029,6.86422e-05,
0.000666775,0.0061902,6.86422e-05,
0.000665537,0.00619007,3.68527e-05,
0.000666034,0.00619007,0.000100432,
0.000666282,0.00618989,6.86422e-05,
0.000666531,0.0061902,6.86422e-05,
0.000667027,0.00619005,0.000100432,
0.000666038,0.00618996,6.86422e-05,
0.000666534,0.00618993,0.000100432,
0.000667279,0.00618977,6.86422e-05,
0.000667528,0.00619009,6.86422e-05,
0.000668024,0.00618996,3.68527e-05,
0.000666538,0.00618981,3.68527e-05,
0.00066778,0.00618975,6.86422e-05,
0.000667531,0.00618963,3.68527e-05,
0.000668028,0.00618988,6.86422e-05,
0.000668525,0.00618982,6.86422e-05,
0.000669022,0.00618969,6.86422e-05,
0.000668032,0.00618948,0.000100432,
0.000668529,0.00618976,6.86422e-05,
0.000669025,0.00618961,3.68527e-05,
0.000669025,0.00618955,3.68527e-05,
0.000669274,0.0061897,3.68527e-05,
0.000668284,0.00618958,3.68527e-05,
0.000668781,0.00618946,6.86422e-05,
0.000668781,0.00618971,6.86422e-05,
0.000669774,0.00618949,6.86422e-05,
0.000670022,0.00618943,6.86422e-05,
0.000670022,0.00618965,3.68527e-05,
0.000670767,0.00618946,3.68527e-05,
0.000669529,0.00618934,3.68527e-05,
0.000670026,0.00618925,6.86422e-05,
0.000670523,0.00618941,3.68527e-05,
0.00067102,0.00618925,6.86422e-05,
0.000671268,0.00618938,3.68527e-05,
0.000669781,0.00618919,3.68527e-05,
0.000670278,0.00618913,3.68527e-05,
0.000670775,0.00618938,3.68527e-05,
0.000671023,0.00618917,6.86422e-05,
0.000671768,0.00618932,6.86422e-05,
0.000671768,0.00618933,3.68527e-05,
0.000670779,0.00618926,5.06331e-06,
0.000671275,0.0061892,3.68527e-05,
0.000671524,0.00618905,5.06331e-06,
0.000671772,0.00618918,6.86422e-05,
0.00067202,0.00618899,6.86422e-05,
0.000672517,0.00618918,3.68527e-05,
0.000671527,0.00618903,3.68527e-05,
0.000671776,0.00618881,3.68527e-05,
0.000672272,0.00618906,3.68527e-05,
0.000672521,0.00618881,3.68527e-05,
0.000673018,0.00618897,3.68527e-05,
0.000673018,0.00618875,5.06331e-06,
0.000673514,0.00618897,3.68527e-05,
0.000672276,0.00618873,5.06331e-06,
0.000672773,0.00618894,3.68527e-05,
0.00067327,0.00618864,5.06331e-06,
0.00067327,0.00618892,3.68527e-05,
0.000674015,0.00618867,5.06331e-06,
0.000674511,0.00618879,3.68527e-05,
0.000674511,0.00618861,3.68527e-05,
0.000673522,0.00618867,3.68527e-05,
0.00067377,0.00618858,5.06331e-06,
0.000674018,0.00618871,3.68527e-05,
0.000674515,0.00618852,3.68527e-05,
0.000675012,0.00618859,3.68527e-05,
0.00067526,0.0061884,5.06331e-06,
0.000674022,0.00618856,5.06331e-06,
0.00067427,0.00618871,5.06331e-06,
0.000674519,0.00618847,5.06331e-06,
0.000675264,0.00618859,5.06331e-06,
0.000675264,0.00618831,5.06331e-06,
0.000675761,0.00618847,5.06331e-06,
0.000676009,0.00618853,3.68527e-05,
0.000674771,0.00618835,5.06331e-06,
0.000675019,0.00618847,5.06331e-06,
0.000675764,0.00618832,5.06331e-06,
0.000676013,0.00618845,5.06331e-06,
0.000676261,0.00618857,5.06331e-06,
0.000676261,0.00618832,5.06331e-06,
0.000676758,0.00618833,5.06331e-06,
0.000675768,0.0061882,5.06331e-06,
0.000676016,0.00618827,5.06331e-06,
0.000676016,0.00618839,5.06331e-06,
0.00067701,0.00618805,5.06331e-06,
0.000676513,0.00618827,5.06331e-06,
0.000677507,0.00618836,5.06331e-06,
0.000677507,0.00618806,5.06331e-06,
0.000676269,0.00618812,5.06331e-06,
0.000676765,0.00618818,3.68527e-05,
0.000677014,0.00618794,5.06331e-06,
0.00067751,0.00618812,0.000195323,
0.000677014,0.00618815,0.000195323,
0.000677759,0.00618791,0.000195323,
0.000678007,0.00618791,0.000195323,
0.000678255,0.00618806,0.000195323,
0.000677266,0.00618816,0.000195323,
0.000677266,0.00618779,0.000195323,
0.000678011,0.00618794,0.000195323,
0.000678259,0.00618804,0.000195323,
0.000678507,0.0061877,0.000195323,
0.000678507,0.00618782,0.000195323,
0.000679252,0.00618789,0.000131744,
0.000679252,0.00618801,0.000195323,
0.000678014,0.00618758,0.000195323,
0.000678511,0.0061877,0.000163534,
0.000678511,0.0061878,0.000195323,
0.000679008,0.00618792,0.000195323,
0.000679256,0.00618755,0.000163534,
0.000679753,0.00618765,0.000195323,
0.000679753,0.00618768,0.000195323,
0.000680001,0.00618768,0.000163534,
0.000678763,0.00618793,0.000195323,
0.000679012,0.00618753,0.000195323,
0.00067926,0.00618759,0.000195323,
0.00067926,0.00618768,0.000195323,
0.000680253,0.00618775,0.000195323,
0.000680253,0.00618741,0.000163534,
0.000680253,0.0061875,0.000195323,
0.000679264,0.00618747,0.000163534,
0.000679512,0.00618753,0.000163534,
0.000680009,0.0061876,0.000195323,
0.000680257,0.00618769,0.000195323,
0.000680754,0.0061876,0.000195323,
0.000680505,0.00618742,0.000195323,
0.000680505,0.00618739,0.000163534,
0.000680754,0.00618729,0.000131744,
0.000680012,0.00618754,0.000163534,
0.000680261,0.00618745,0.000163534,
0.000680509,0.00618751,0.000163534,
0.000680758,0.00618714,0.000195323,
0.000680758,0.00618733,0.000195323,
0.000681254,0.00618721,0.000131744,
0.000681503,0.00618736,0.000163534,
0.000681751,0.0061873,0.000195323,
0.000681751,0.00618727,0.000163534,
0.000682248,0.0061873,0.000195323,
0.00068101,0.00618737,0.000131744,
0.000681258,0.0061874,0.000195323,
0.000681506,0.00618703,0.000163534,
0.000681755,0.006187,0.000131744,
0.000682003,0.0061874,0.000195323,
0.0006825,0.00618715,0.000131744,
0.0006825,0.00618703,0.000195323,
0.000682748,0.00618716,0.000163534,
0.000681262,0.00618706,0.000131744,
0.000681262,0.00618716,0.000195323,
0.000682007,0.00618719,0.000131744,
0.000682255,0.00618707,0.000163534,
0.000682255,0.00618719,0.000131744,
0.000682503,0.00618719,0.000163534,
0.000682752,0.00618716,0.000195323,
0.000683249,0.00618716,0.000131744,
0.000683249,0.00618713,0.000163534,
0.000683745,0.00618713,0.000131744,
0.000682756,0.0061872,0.000163534,
0.000682507,0.00618707,0.000195323,
0.000683004,0.00618711,0.000131744,
0.000683252,0.0061872,0.000163534,
0.000683252,0.00618705,0.000163534,
0.000683501,0.00618705,0.000131744,
0.000683749,0.00618705,0.000195323,
0.000684246,0.00618708,9.99548e-05,
0.000684494,0.00618702,0.000163534,
0.000683008,0.00618699,0.000163534,
0.000683008,0.0061869,0.000131744,
0.000683256,0.00618699,0.000195323,
0.000683753,0.00618702,9.99548e-05,
0.000684001,0.00618693,0.000163534,
0.000684001,0.00618681,0.000163534,
0.000684001,0.00618687,0.000131744,
0.000684498,0.00618687,0.000163534,
0.000684746,0.00618684,0.000131744,
0.000684746,0.00618684,0.000163534,
0.000684005,0.00618678,0.000131744,
0.000684005,0.00618669,0.000163534,
0.000684253,0.00618663,0.000131744,
0.000684253,0.0061866,0.000131744,
0.000684501,0.00618666,0.000163534,
0.00068475,0.00618654,9.99548e-05,
0.000684998,0.00618651,0.000163534,
0.000685247,0.00618645,0.000131744,
0.000685247,0.00618679,0.000131744,
0.000685495,0.00618673,0.000163534,
0.000684257,0.0061867,0.000163534,
0.000684008,0.00618667,9.99548e-05,
0.000684505,0.00618664,0.000163534,
0.000685002,0.00618664,9.99548e-05,
0.000684754,0.00618658,9.99548e-05,
0.00068663,0.00594907,6.81653e-05,
0.000687864,0.00594956,9.99548e-05,
0.000688361,0.00594944,6.81653e-05,
0.000688361,0.00594926,9.99548e-05,
0.000741809,0.000550315,0.000127453,
0.000742424,0.000550507,3.30381e-05,
0.000758076,-0.00211343,3.25613e-05,
0.00077802,-0.00212317,9.47096e-05,
0.000777463,-0.0020911,0.000190078,
0.0132978,-0.845797,-0.000434253,
0.000728584,-0.00273327,9.42328e-05,
0.000730134,-0.00273742,0.000126022,
0.000721012,-0.00288915,0.00012793,
0.000741786,-0.00286741,3.06539e-05,
0.000739673,-0.00271258,9.42328e-05,
0.00072695,-0.00272339,9.75706e-05,
0.000753161,-0.0027856,0.000126022,
0.000753129,-0.0027108,0.000126022,
0.000740025,-0.00271443,0.000191508,
0.000766778,-0.00276148,0.000126022,
0.000766376,-0.0027162,0.000157812,
0.000753923,-0.00272787,3.35149e-05,
0.000778969,-0.00272741,0.000157812,
0.000779457,-0.00270191,0.000189601,
0.000769379,-0.0027149,0.000191508,
0.000789714,-0.00275412,0.000189601,
0.0138771,-0.88109,-0.000482255,
0.000748223,-0.00270695,0.000126022,
0.000738947,-0.00271862,9.61401e-05,
0.000758812,-0.00276395,0.000189601,
0.000758344,-0.00270936,0.000157812,
0.00074914,-0.00272388,9.61401e-05,
0.000768602,-0.002761,0.000189601,
0.000768224,-0.00271528,0.000157812,
0.000752923,-0.00273742,0.00012793,
0.000784786,-0.00276678,0.000189601,
0.000785125,-0.00272911,0.000126022,
0.000775092,-0.00272102,0.00012793,
0.000795264,-0.00278623,0.000189601,
0.000794177,-0.00270953,-6.58652e-07,
0.0140216,-0.872494,-0.000509276,
0.000754004,-0.00272001,0.000157812,
0.000742574,-0.00284015,9.66169e-05,
0.00076885,-0.00292216,9.42328e-05,
0.00076758,-0.00281224,0.000189601,
0.000767494,-0.00278235,0.000126022,
0.000758671,-0.00282818,3.25613e-05,
0.000776615,-0.00274351,0.000189601,
0.000776519,-0.00272874,0.000157812,
0.000763738,-0.00270774,0.000160196,
0.000789019,-0.00272466,0.000189601,
0.000776931,-0.00272203,9.61401e-05,
0.000802602,-0.00272361,-6.58652e-07,
0.000801542,-0.00273764,3.11308e-05,
0.0143783,-0.881039,-0.000574762,
0.000758472,-0.00270508,0.000126022,
0.000745658,-0.00270383,6.48275e-05,
0.000772211,-0.00276027,0.000126022,
0.000772183,-0.00269653,0.000157812,
0.000758743,-0.0026931,0.000192462,
0.000785267,-0.00271975,0.000157812,
0.000785295,-0.002711,0.000157812,
0.000772712,-0.00270401,0.000160673,
0.000798073,-0.00272572,0.000189601,
0.000796801,-0.00270171,-6.58652e-07,
0.000787858,-0.00270511,6.43507e-05,
0.000807121,-0.00275128,-6.58652e-07,
0.000808065,-0.00272626,-6.58652e-07,
0.0143877,-0.863806,-0.000542814,
0.000768142,-0.00284477,9.42328e-05,
0.000768253,-0.00277541,0.000126022,
0.00075713,-0.00270805,1.7255e-06,
0.000777,-0.0027684,0.000126022,
0.000776129,-0.00271886,0.000126022,
0.000776203,-0.00270386,0.000189601,
0.000764187,-0.00274302,6.57812e-05,
0.000789183,-0.00272059,0.000189601,
0.000776579,-0.00269316,0.000193416,
0.000801778,-0.00270589,-6.58652e-07,
0.000801446,-0.00270785,-6.58652e-07,
0.000792811,-0.0026999,1.24867e-06,
0.000812536,-0.00277733,-6.58652e-07,
0.000811033,-0.00269781,-6.58652e-07,
0.000810057,-0.00267874,-6.58652e-07,
0.0145464,-0.863363,-0.000457459,
0.000772677,-0.0027025,0.000157812,
0.000773396,-0.00269985,0.000126022,
0.000762929,-0.00286604,9.75706e-05,
0.000786926,-0.00279667,0.000157812,
0.000786544,-0.00275757,0.000126022,
0.000776445,-0.00275764,6.48275e-05,
0.000796371,-0.0027044,0.000189601,
0.000784591,-0.00271515,3.35149e-05,
0.000810215,-0.00275561,-6.58652e-07,
0.000808753,-0.00271087,-6.58652e-07,
0.000809082,-0.00272492,-6.58652e-07,
0.000797788,-0.00275328,6.53043e-05,
0.000821161,-0.00271434,-6.58652e-07,
0.000822103,-0.00278334,-6.58652e-07,
0.0147807,-0.863709,-0.000484004,
0.000782221,-0.00272437,0.000189601,
0.000781404,-0.00270036,0.000157812,
0.000768704,-0.00269169,9.75706e-05,
0.00079353,-0.00266686,0.000189601,
0.000793875,-0.00269939,0.000157812,
0.000794026,-0.00269118,0.000189601,
0.000781915,-0.00270126,6.53043e-05,
0.000806882,-0.00270082,-6.58652e-07,
0.000793363,-0.00269234,9.75706e-05,
0.000819483,-0.00270222,-6.58652e-07,
0.000819254,-0.00271995,3.11308e-05,
0.0150604,-0.872191,-0.00040151,
0.000777453,-0.00269574,0.000189601,
0.000777821,-0.00270338,0.000157812,
0.000765529,-0.00270679,3.35149e-05,
0.000791025,-0.00269357,0.000189601,
0.000790147,-0.00270041,0.000189601,
0.000777672,-0.00270265,9.75706e-05,
0.000803574,-0.00269665,0.000189601,
0.000794431,-0.00270653,0.00012936,
0.00081311,-0.00269442,3.11308e-05,
0.000813225,-0.00269327,-6.58652e-07,
0.000813123,-0.00270654,3.11308e-05,
0.000800344,-0.00270168,6.53043e-05,
0.000826125,-0.0027005,6.29202e-05,
0.0008262,-0.00270439,6.29202e-05,
0.0151839,-0.863472,-0.000446969,
0.000783756,-0.00268083,0.000126022,
0.000783604,-0.00268568,0.000189601,
0.000785527,-0.00276195,0.000126022,
0.000769954,-0.0026872,6.67348e-05,
0.000794741,-0.00268791,0.000189601,
0.000783832,-0.00273136,6.6258e-05,
0.000808293,-0.00268804,-6.58652e-07,
0.000808228,-0.00268969,-6.58652e-07,
0.000799122,-0.00272106,2.67916e-06,
0.000817728,-0.00268443,3.11308e-05,
0.00081765,-0.00269394,-6.58652e-07,
0.000805561,-0.0027186,0.000130314,
0.000829247,-0.00268631,-6.58652e-07,
0.000829881,-0.00267802,6.29202e-05,
0.0155125,-0.872045,-0.000428054,
0.000785743,-0.00249874,3.11308e-05,
0.000741405,-6.77197e-05,3.44686e-05,
0.000755611,-2.32367e-05,9.61401e-05,
0.000755245,-3.16434e-05,9.61401e-05,
0.000755091,-5.33987e-05,6.43507e-05,
0.000661687,0.00572898,0.0001958,
0.00066832,0.00572966,9.99548e-05,
0.000668576,0.00572908,4.58648e-06,
0.0006611,0.00620424,0.000163534,
0.000660851,0.00620424,0.000131744,
0.000661348,0.00620474,0.000195323,
0.000661845,0.00620549,0.000131744,
0.000661596,0.0062045,0.000195323,
0.000661845,0.0062045,0.000163534,
0.000662093,0.00620425,0.000163534,
0.000662341,0.00620425,0.000195323,
0.00066259,0.0062045,0.000163534,
0.000666684,0.00584777,6.81653e-05,
0.000667429,0.00584836,6.81653e-05,
0.00075267,0.000252472,3.20844e-05,
0.00075763,0.000279626,0.000191508,
0.000756821,0.000258512,0.000191508,
0.000788568,-0.0023097,0.000190078,
0.00080654,-0.00228581,9.47096e-05,
0.00080697,-0.00230833,9.47096e-05,
0.000694096,0.000291191,6.6258e-05,
0.000711458,0.000324854,6.48275e-05,
0.00071138,0.000315242,3.30381e-05,
0.000711553,0.00029183,6.48275e-05,
0.000655101,0.00341042,0.000195323,
0.00067105,0.00340563,3.49454e-05,
0.000689393,0.00620166,0.000131744,
0.000691776,0.00620244,6.81653e-05,
0.000691776,0.00620306,6.81653e-05,
0.0006919,0.00620306,3.63759e-05,
0.000691405,0.00620282,6.81653e-05,
0.000691529,0.00620269,6.81653e-05,
0.000691654,0.00620282,3.63759e-05,
0.000691778,0.0062017,9.99548e-05,
0.000691778,0.00620195,3.63759e-05,
0.000692026,0.00620183,4.58648e-06,
0.000692026,0.00620245,6.81653e-05,
0.000691531,0.00620282,9.99548e-05,
0.000691655,0.00620282,3.63759e-05,
0.00069178,0.0062027,9.99548e-05,
0.00069178,0.00620282,9.99548e-05,
0.000692152,0.00620307,4.58648e-06,
0.000691409,0.00620146,3.63759e-05,
0.000691409,0.00620195,6.81653e-05,
0.000691657,0.00620195,3.63759e-05,
0.000691781,0.00620208,6.81653e-05,
0.000692154,0.0062022,9.99548e-05,
0.00069203,0.00620208,3.63759e-05,
0.000691535,0.0062022,3.63759e-05,
0.000691535,0.00620307,3.63759e-05,
0.00064232,0.00939906,7.00726e-05,
0.000642292,0.00938611,7.00726e-05,
0.000597981,0.0123429,0.000103769,
0.00059469,0.0123582,0.000198661,
0.000594979,0.0123344,0.000166871,
0.000595527,0.0123416,0.000198661,
-0.000210627,0.011574,0.000167825,
-0.00021996,0.0115541,0.000198184,
-0.000220237,0.0115569,0.000198184,
0.000683697,0.00638366,0.000161626,
0.00067828,0.0063808,0.000131744,
0.000680552,0.00620397,0.000163534,
0.000681408,0.00620332,9.99548e-05,
0.000681385,0.00620307,9.99548e-05,
0.000681517,0.00620357,9.99548e-05,
0.000681463,0.00620406,9.99548e-05,
0.000681548,0.00620431,3.63759e-05,
0.000681471,0.00620456,9.99548e-05,
0.000681541,0.00620332,9.99548e-05,
0.000681549,0.00620332,6.81653e-05,
0.000681581,0.00620357,9.99548e-05,
0.000681566,0.00620332,9.99548e-05,
0.000681612,0.00620432,3.63759e-05,
0.000681628,0.00620382,9.99548e-05,
0.000681683,0.00620432,6.81653e-05,
0.000681683,0.00620407,6.81653e-05,
0.000681738,0.00620308,9.99548e-05,
0.000681715,0.00620357,6.81653e-05,
0.000681746,0.00620357,3.63759e-05,
0.000681777,0.00620382,6.81653e-05,
0.000681754,0.00620407,6.81653e-05,
0.000681763,0.00620407,6.81653e-05,
0.000681794,0.00620407,9.99548e-05,
0.000681848,0.00620432,6.81653e-05,
0.000681794,0.00620333,6.81653e-05,
0.000681895,0.00620308,6.81653e-05,
0.000681919,0.00620333,6.81653e-05,
0.00068185,0.00620358,9.99548e-05,
0.000681904,0.00620358,9.99548e-05,
0.000681912,0.00620432,6.81653e-05,
0.000681928,0.00620309,6.81653e-05,
0.000681921,0.00620309,6.81653e-05,
0.00068199,0.00620358,3.63759e-05,
0.000682014,0.00620333,6.81653e-05,
0.000681976,0.00620358,9.99548e-05,
0.000682038,0.00620358,9.99548e-05,
0.000682015,0.00620433,3.63759e-05,
0.000682062,0.00620433,6.81653e-05,
0.000682023,0.00620433,6.81653e-05,
0.000682047,0.00620433,4.58648e-06,
0.000682063,0.00620284,9.99548e-05,
0.000682063,0.00620309,9.99548e-05,
0.000682063,0.00620383,3.63759e-05,
0.000682164,0.00620383,9.99548e-05,
0.000682195,0.00620383,6.81653e-05,
0.000682118,0.00620458,4.58648e-06,
0.000682142,0.00620408,3.63759e-05,
0.000682196,0.00620309,9.99548e-05,
0.000682189,0.00620284,6.81653e-05,
0.00068222,0.00620334,6.81653e-05,
0.000682236,0.00620359,9.99548e-05,
0.000682166,0.00620359,3.63759e-05,
0.000682267,0.00620359,3.63759e-05,
0.000682306,0.00620359,6.81653e-05,
0.000682322,0.00620409,6.81653e-05,
0.00068226,0.00620433,3.63759e-05,
0.000682315,0.00620334,9.99548e-05,
0.000682292,0.0062031,9.99548e-05,
0.000682315,0.00620359,3.63759e-05,
0.000682354,0.00620334,3.63759e-05,
0.000682301,0.00620359,6.81653e-05,
0.000682316,0.00620384,3.63759e-05,
0.000682409,0.00620409,6.81653e-05,
0.00068234,0.00620384,9.99548e-05,
0.000682394,0.00620434,6.81653e-05,
0.000682372,0.00620434,3.63759e-05,
0.000682364,0.0062031,6.81653e-05,
0.000682341,0.0062031,6.81653e-05,
0.000682411,0.0062036,4.58648e-06,
0.000682419,0.00620335,3.63759e-05,
0.000682388,0.00620385,9.99548e-05,
0.000682412,0.00620409,6.81653e-05,
0.000682435,0.00620409,3.63759e-05,
0.000682428,0.00620434,6.81653e-05,
0.000682506,0.00620409,6.81653e-05,
0.00068242,0.0062031,4.58648e-06,
0.000682514,0.00620286,3.63759e-05,
0.000682491,0.0062036,6.81653e-05,
0.000682452,0.00620335,3.63759e-05,
0.000682429,0.0062036,3.63759e-05,
0.000682453,0.00620385,6.81653e-05,
0.000682453,0.0062041,6.81653e-05,
0.000682484,0.00620435,3.63759e-05,
0.000682469,0.0062041,3.63759e-05,
0.000682485,0.00620459,6.81653e-05,
0.000682531,0.0062041,3.63759e-05,
0.000682524,0.00620336,4.58648e-06,
0.000682571,0.00620311,3.63759e-05,
0.000682486,0.00620336,6.81653e-05,
0.000682478,0.0062036,3.63759e-05,
0.000682525,0.00620385,6.81653e-05,
0.000682494,0.00620385,9.99548e-05,
0.000682439,0.0062021,5.06331e-06,
0.000682374,0.00620262,5.06331e-06,
0.000682482,0.00620286,5.06331e-06,
0.000682443,0.00620332,3.68527e-05,
0.000681026,0.00619862,7.24568e-05,
0.000681875,0.00619819,8.87795e-06,
0.000681826,0.00619842,7.24568e-05,
0.000682256,0.00620177,3.78064e-05,
0.000683109,0.00620185,0.000196277,
0.000683366,0.00620314,4.58648e-06,
0.000683459,0.00620339,3.63759e-05,
0.000683444,0.00620364,3.63759e-05,
0.000683366,0.00620413,4.58648e-06,
0.000683553,0.00620339,4.58648e-06,
0.000683491,0.00620413,6.81653e-05,
0.000683507,0.00620389,6.81653e-05,
0.000683507,0.00620315,3.63759e-05,
0.000683507,0.00620413,3.63759e-05,
0.000683476,0.00620315,6.81653e-05,
0.00068343,0.00620339,4.58648e-06,
0.000683414,0.00620389,4.58648e-06,
0.00068343,0.00620315,4.58648e-06,
0.000683508,0.00620339,6.81653e-05,
0.000683384,0.00620389,4.58648e-06,
0.000683369,0.00620414,4.58648e-06,
0.000683385,0.00620364,3.63759e-05,
0.000683462,0.00620364,9.99548e-05,
0.000683493,0.00620414,3.63759e-05,
0.000683354,0.00620315,3.63759e-05,
0.000683416,0.0062029,6.81653e-05,
0.000683386,0.00620439,3.63759e-05,
0.000683386,0.0062034,4.58648e-06,
0.000683432,0.0062034,4.58648e-06,
0.000683325,0.00620439,3.63759e-05,
0.000683479,0.0062034,3.63759e-05,
0.000683371,0.0062034,4.58648e-06,
0.000683433,0.00620365,4.58648e-06,
0.000683356,0.00620389,3.63759e-05,
0.000683449,0.00620389,3.63759e-05,
0.000681862,0.00619862,0.000167348,
0.000682597,0.00619842,0.000167348,
0.000682756,0.00619844,0.000135559,
0.000682188,0.0062017,0.000196277,
0.000684847,0.00620196,3.73296e-05,
0.000684844,0.00620244,3.73296e-05,
0.000684942,0.00620417,3.63759e-05,
0.000685005,0.00620466,4.58648e-06,
0.000685191,0.00620392,4.58648e-06,
0.000685222,0.00620417,4.58648e-06,
0.000684881,0.00620442,4.58648e-06,
0.000685222,0.00620343,4.58648e-06,
0.000684943,0.00620343,4.58648e-06,
0.000684974,0.00620343,6.81653e-05,
0.000685099,0.00620318,3.63759e-05,
0.00068513,0.00620368,3.63759e-05,
0.000684944,0.00620368,4.58648e-06,
0.000684944,0.00620368,4.58648e-06,
0.000685068,0.00620392,3.63759e-05,
0.000685193,0.00620368,4.58648e-06,
0.0006851,0.00620467,4.58648e-06,
0.000684883,0.00620417,4.58648e-06,
0.000684945,0.00620417,4.58648e-06,
0.000685007,0.00620417,3.63759e-05,
0.0006851,0.00620392,4.58648e-06,
0.000685007,0.00620318,3.63759e-05,
0.000684822,0.00620467,4.58648e-06,
0.000684853,0.00620293,4.58648e-06,
0.000684822,0.00620318,4.58648e-06,
0.000684977,0.00620293,3.63759e-05,
0.000684977,0.00620318,4.58648e-06,
0.000685039,0.00620343,3.63759e-05,
0.000684792,0.00620343,3.63759e-05,
0.000684792,0.00620343,3.63759e-05,
0.000684916,0.00620318,4.58648e-06,
0.00068504,0.00620368,4.58648e-06,
0.0006847,0.00620368,4.58648e-06,
0.000684669,0.00620418,3.63759e-05,
0.000684793,0.00620368,3.63759e-05,
0.000684793,0.00620393,4.58648e-06,
0.000684793,0.00620418,4.58648e-06,
0.000684886,0.00620467,4.58648e-06,
0.000684607,0.00620467,4.58648e-06,
0.000684701,0.00620442,3.63759e-05,
0.000684701,0.00620467,4.58648e-06,
0.000684763,0.00620467,4.58648e-06,
0.000684825,0.00620492,4.58648e-06,
0.000684484,0.00620442,4.58648e-06,
0.000684639,0.00620418,4.58648e-06,
0.000684577,0.00620319,4.58648e-06,
0.000684702,0.00620343,4.58648e-06,
0.000684764,0.00620343,4.58648e-06,
0.000684485,0.00620467,4.58648e-06,
0.000684764,0.00620368,3.63759e-05,
0.000684516,0.00620368,4.58648e-06,
0.000684671,0.00620343,4.58648e-06,
0.00068464,0.00620343,4.58648e-06,
0.00068464,0.00620393,4.58648e-06,
0.000684424,0.00620368,4.58648e-06,
0.000684424,0.00620393,3.63759e-05,
0.000684486,0.00620343,4.58648e-06,
0.000684455,0.00620393,4.58648e-06,
0.000684579,0.00620368,4.58648e-06,
0.000684641,0.00620418,4.58648e-06,
0.000684332,0.00620393,4.58648e-06,
0.000684363,0.00620443,4.58648e-06,
0.000684301,0.00620468,4.58648e-06,
0.000684456,0.00620418,4.58648e-06,
0.000684456,0.00620443,0.000194846,
0.000684178,0.00620418,0.000194846,
0.00068458,0.00620344,0.000194846,
0.000684209,0.00620418,0.000194846,
0.000684302,0.00620443,0.000194846,
0.000684426,0.00620468,0.000194846,
0.000684333,0.00620344,0.000194846,
0.000684364,0.00620344,0.000194846,
0.000684147,0.00620344,0.000163057,
0.000684178,0.00620319,0.000194846,
0.000684209,0.00620344,0.000194846,
0.000684209,0.00620344,0.000194846,
0.000684303,0.00620393,0.000194846,
0.000684303,0.00620393,0.000194846,
0.000684024,0.00620369,0.000163057,
0.000684117,0.00620369,0.000163057,
0.000683962,0.00620369,0.000194846,
0.000684086,0.00620369,0.000194846,
0.000684117,0.00620393,0.000163057,
0.000684148,0.00620393,0.000163057,
0.000683963,0.00620393,0.000131267,
0.000683901,0.00620393,0.000194846,
0.000684056,0.00620393,0.000194846,
0.000684025,0.00620443,0.000194846,
0.000684025,0.00620418,0.000194846,
0.000684118,0.00620443,0.000194846,
0.000683716,0.00620468,0.000163057,
0.000683685,0.00620468,0.000194846,
0.000683809,0.00620418,0.000163057,
0.000683964,0.00620418,0.000194846,
0.000683933,0.00620468,0.000194846,
0.000683995,0.00620418,0.000194846,
0.000683933,0.00620468,0.000194846,
0.000683654,0.00620468,0.000194846,
0.000683685,0.00620493,0.000194846,
0.000683685,0.00620319,0.000194846,
0.000683748,0.00620493,0.000194846,
0.000683562,0.00620443,0.000163057,
0.000683593,0.00620493,0.000194846,
0.000683531,0.00620443,0.000163057,
0.000683469,0.00620369,0.000194846,
0.000683655,0.00620493,0.000194846,
0.000683748,0.00620344,0.000194846,
0.000683686,0.00620344,0.000194846,
0.000683686,0.00620369,0.000194846,
0.00068347,0.00620344,0.000163057,
0.000683811,0.00620394,0.000163057,
0.00068347,0.00620369,0.000194846,
0.000683501,0.00620344,0.000194846,
0.000683563,0.00620369,0.000194846,
0.000683563,0.00620394,0.000194846,
0.000683563,0.00620369,0.000194846,
0.000683347,0.00620369,0.000163057,
0.000683316,0.00620394,0.000194846,
0.000683285,0.00620369,0.000194846,
0.000683378,0.00620369,0.000163057,
0.000683378,0.00620419,0.000194846,
0.000683471,0.00620394,0.000194846,
0.000683409,0.00620444,0.000194846,
0.000683099,0.00620419,0.000163057,
0.000683192,0.00620394,0.000194846,
0.000683224,0.00620419,0.000194846,
0.000683255,0.00620419,0.000194846,
0.000683192,0.00620444,0.000194846,
0.000683286,0.00620419,0.000163057,
0.000683224,0.00620468,0.000194846,
0.0006831,0.00620419,0.000163057,
0.000683038,0.00620419,0.000194846,
0.000682976,0.00620444,0.000194846,
0.000683069,0.00620419,0.000163057,
0.000682976,0.00620468,0.000194846,
0.000682976,0.00620468,0.000194846,
0.000682822,0.00620419,0.000194846,
0.000682636,0.00620468,0.000131267,
0.00068276,0.00620444,0.000163057,
0.000682822,0.00620444,0.000194846,
0.000682822,0.00620444,0.000194846,
0.000682884,0.00620444,0.000194846,
0.000683008,0.00620444,0.000163057,
0.000682915,0.00620468,0.000194846,
0.000682605,0.00620444,0.000163057,
0.000682668,0.00620493,0.000163057,
0.000682636,0.00620493,0.000194846,
0.000682543,0.00620518,0.000163057,
0.00068273,0.00620493,0.000194846,
0.000682699,0.00620493,0.000194846,
0.000682761,0.00620493,0.000194846,
0.000682451,0.00620468,0.000163057,
0.000682482,0.00620468,9.94779e-05,
0.000682482,0.00620518,0.000131267,
0.000682451,0.00620518,0.000163057,
0.000682544,0.00620493,0.000163057,
0.000682575,0.00620345,0.000131267,
0.000682575,0.00620493,0.000131267,
0.000682513,0.00620369,0.000163057,
0.000682235,0.00620345,0.000163057,
0.000682328,0.00620493,0.000131267,
0.000682235,0.00620369,9.94779e-05,
0.000682173,0.00620394,0.000163057,
0.00068239,0.00620543,0.000163057,
0.000682359,0.00620394,0.000194846,
0.000682266,0.00620394,0.000194846,
0.00068208,0.00620369,0.000163057,
0.000681987,0.00620369,0.000194846,
0.000682049,0.00620369,0.000163057,
0.000682018,0.00620419,0.000163057,
0.000682112,0.00620419,0.000194846,
0.000682143,0.00620369,0.000163057,
0.000681833,0.00620518,0.000194846,
0.00068174,0.00620394,0.000194846,
0.000681833,0.00620394,0.000194846,
0.000681864,0.00620419,0.000194846,
0.000681802,0.00620369,0.000131267,
0.000681864,0.00620394,0.000163057,
0.000681895,0.00620444,0.000194846,
0.000682019,0.00620394,0.000194846,
0.000681555,0.00620369,0.000194846,
0.000681617,0.00620394,0.000163057,
0.000681617,0.00620444,0.000194846,
0.000681679,0.00620369,0.000194846,
0.000681648,0.00620444,0.000163057,
0.000681679,0.00620394,0.000163057,
0.000681679,0.00620419,0.000131267,
0.00068171,0.00620419,0.000194846,
0.000681741,0.00620419,0.000163057,
0.000681338,0.00620394,0.000163057,
0.0006814,0.00620419,0.000131267,
0.000681338,0.00620444,0.000131267,
0.000681338,0.00620394,0.000163057,
0.000681462,0.00620419,0.000131267,
0.000681493,0.00620419,0.000131267,
0.000681493,0.00620444,0.000131267,
0.000681493,0.00620419,0.000131267,
0.000681122,0.00620419,0.000163057,
0.000681215,0.00620394,0.000194846,
0.000681184,0.00620444,0.000194846,
0.000681184,0.00620419,0.000194846,
0.000681184,0.00620394,0.000163057,
0.000681184,0.00620444,0.000163057,
0.000681215,0.00620444,0.000163057,
0.000681246,0.00620419,0.000163057,
0.00149751,0.00621637,0.000194846,
0.00149675,0.00621636,0.000163057,
0.00150049,0.00621591,0.000194846,
0.919042,0.0208583,9.10532e-05,
0.0102374,0.00630225,0.000131744,
0.0101953,0.00630038,0.000131744,
0.0101268,0.0062793,0.000212012,
0.0100901,0.00631228,5.06331e-06,
0.0100661,0.00629136,2.17524e-05,
0.0100938,0.00632541,0.000100432,
0.0101776,0.00632636,6.86422e-05,
0.0100752,0.00632495,6.86422e-05,
0.0100516,0.00630309,0.000149387,
0.0101309,0.00633946,0.000132221,
0.01008,0.00633747,0.00016401,
0.890891,0.0204303,5.87869e-05,
0.0100792,0.00630018,0.000131744,
0.0101357,0.00630143,0.000131744,
0.0100828,0.00627946,5.40186e-05,
0.0101211,0.00631479,3.68527e-05,
0.0100932,0.00631406,3.68527e-05,
0.0101067,0.00629404,2.12755e-05,
0.0101273,0.00632671,0.000100432,
0.0100847,0.00632676,6.86422e-05,
0.919326,0.0207186,0.000139532,
0.0102009,0.0063051,9.99548e-05,
0.0102062,0.00630514,0.000131744,
0.0101782,0.00630472,0.000131744,
0.0101577,0.006283,0.000180223,
0.0100919,0.00631573,3.68527e-05,
0.0100701,0.00631543,3.68527e-05,
0.0100285,0.00629989,0.000207721,
0.0100716,0.00632461,0.000100432,
0.928482,0.0208306,7.83369e-05,
0.01006,0.00630242,0.000163534,
0.0100427,0.00630215,0.000163534,
0.0100457,0.00628089,0.000180223,
0.0100606,0.00631486,3.68527e-05,
0.0100541,0.00631467,3.68527e-05,
0.0100446,0.00629374,8.53312e-05,
0.0100284,0.00632743,0.000100432,
0.0100586,0.00632792,0.000100432,
0.90022,0.020456,2.2706e-05,
0.0100842,0.00629203,0.000131744,
0.0100886,0.00627072,0.000148433,
0.010093,0.00630473,0.000163534,
0.0100926,0.00630481,0.000195323,
0.0100958,0.00628928,0.000175931,
0.0101048,0.00631433,3.68527e-05,
0.0100958,0.00631431,5.06331e-06,
0.0100997,0.00631438,5.06331e-06,
0.0100833,0.00629284,8.53312e-05,
0.0100727,0.00632673,0.000132221,
0.909523,0.0204726,0.000150341,
0.0100837,0.006291,9.99548e-05,
0.0101041,0.00627079,0.000116167,
0.0100848,0.00630333,0.000163534,
0.0100815,0.00630301,0.000163534,
0.0100746,0.00628196,8.53312e-05,
0.0100781,0.00631604,0.000100432,
0.0100525,0.00631565,0.000100432,
0.010045,0.00629405,0.000117121,
0.0100598,0.00632869,0.00016401,
0.010062,0.0063288,0.0001958,
0.900484,0.0203235,0.000118551,
0.0100695,0.00629101,0.000131744,
0.0101067,0.00627558,0.000144619,
0.0100496,0.00630082,0.000163534,
0.0100633,0.00630109,0.000163534,
0.0100799,0.00630102,0.000163534,
0.0100521,0.00627448,0.000120935,
0.0100649,0.00631696,0.000100432,
0.0101047,0.00631757,0.000100432,
0.010063,0.00630016,0.000145095,
0.0100845,0.00632716,0.0001958,
0.900813,0.0203015,6.26015e-05,
0.0100573,0.00629379,0.000131744,
0.0100909,0.0062937,0.000131744,
0.0100564,0.00627186,0.000117121,
0.0100335,0.00630626,3.68527e-05,
0.0100553,0.00630631,6.86422e-05,
0.0101374,0.00629173,4.92503e-05,
0.0100413,0.00631554,6.86422e-05,
0.0100275,0.00631532,6.86422e-05,
0.0100421,0.00629425,0.000212489,
0.0100677,0.0063279,0.0001958,
0.0100698,0.00632937,0.0001958,
0.900414,0.0202734,2.79511e-05,
0.0100619,0.00629248,0.000163534,
0.0100791,0.00629241,0.000163534,
0.0100322,0.00627001,0.000117121,
0.0100341,0.00630465,3.68527e-05,
0.0100416,0.00628303,0.000180699,
0.0100531,0.00631746,0.000100432,
0.0100503,0.00631752,0.000100432,
0.0100376,0.00630149,0.000144619,
0.0100214,0.00632692,0.00016401,
0.0100556,0.00632683,0.000100432,
0.0100529,0.00632701,0.000100432,
0.885403,0.0200263,2.8428e-05,
0.00615564,0.00624053,6.81653e-05,
0.00615559,0.006241,6.81653e-05,
0.000790662,0.00616303,0.000201045,
0.000789895,0.00617671,0.000194846,
0.000790318,0.00617535,0.000194846,
0.000665311,0.00617694,2.67916e-06,
0.000664905,0.00617293,0.000163057,
0.000664781,0.00617343,0.000131267,
0.000664781,0.00617293,0.000131267,
0.000664657,0.00617368,0.000131267,
0.000664657,0.00617293,9.94779e-05,
0.000664284,0.00617343,0.000131267,
0.000665028,0.00617318,0.000131267,
0.000664903,0.00617293,0.000131267,
0.000664779,0.00617368,0.000163057,
0.000664655,0.00617343,0.000163057,
0.000664655,0.00617343,0.000194846,
0.000664655,0.00617343,0.000163057,
0.000664407,0.00617368,0.000163057,
0.000664283,0.00617318,0.000163057,
0.000664283,0.00617368,0.000163057,
0.000664283,0.00617318,0.000163057,
0.000664158,0.00617318,0.000194846,
0.000664777,0.00617393,0.000194846,
0.000664653,0.00617368,0.000163057,
0.000664902,0.00617368,0.000131267,
0.000664405,0.00617393,0.000131267,
0.000664157,0.00617343,0.000131267,
0.000664281,0.00617368,9.94779e-05,
0.000664281,0.00617318,9.94779e-05,
0.000664032,0.00617318,9.94779e-05,
0.000664209,0.006174,0.000193893,
0.000664704,0.00617449,0.000193893,
0.000664207,0.0061735,0.000193893,
0.000663784,0.00617368,0.000163057,
0.000663784,0.00617368,0.000194846,
0.00066366,0.00617393,0.000194846,
0.000663536,0.00617318,0.000194846,
0.000664155,0.00617343,0.000163057,
0.00066403,0.00617368,0.000163057,
0.000663906,0.00617343,0.000131267,
0.000664116,0.00617371,0.000130791,
0.000663623,0.00617397,0.000130791,
0.000664974,0.00617849,9.56633e-05,
0.000663639,0.00617895,9.56633e-05,
0.000663641,0.00617872,9.56633e-05,
0.000663719,0.00617296,0.000131267,
0.00066288,0.00617366,0.000163057,
0.000662756,0.00617292,0.000163057,
0.000662756,0.00617416,0.000163057,
0.000662384,0.00617267,0.000163057,
0.000662632,0.00617267,0.000163057,
0.00066226,0.00617267,9.94779e-05,
0.000662384,0.00617391,0.000131267,
0.00066226,0.00617292,0.000131267,
0.00066226,0.00617267,0.000131267,
0.000661887,0.00617317,0.000131267,
0.000662754,0.00617267,0.000163057,
0.000661763,0.00617391,0.000163057,
0.00066263,0.00617292,0.000194846,
0.000662382,0.00617267,0.000194846,
0.00066263,0.00617416,0.000194846,
0.000662009,0.00617391,0.000194846,
0.000662134,0.00617267,0.000163057,
0.00217036,0.00619346,0.000194846,
0.00216445,0.00619239,0.000194846,
0.00216387,0.00619262,0.000163057,
0.00530795,0.00622729,0.000104246,
0.00530011,0.00623585,9.99548e-05,
0.00997348,0.00627549,2.07987e-05,
0.0100203,0.00630858,6.86422e-05,
0.0100029,0.00630832,6.86422e-05,
0.00999753,0.00630822,3.68527e-05,
0.0100708,0.00629372,0.000207244,
0.0100606,0.00631829,0.000132221,
0.0100419,0.00631778,0.000132221,
0.891183,0.0199239,0.000122843,
0.0101798,0.0062868,0.000131744,
0.0102129,0.0062862,0.000163534,
0.0101855,0.00626418,2.17524e-05,
0.0101645,0.00629914,5.06331e-06,
0.0101325,0.00629844,5.06331e-06,
0.0101171,0.00629821,5.06331e-06,
0.0100465,0.00628057,1.79377e-05,
0.0100603,0.00630751,6.86422e-05,
0.0100737,0.00628653,0.000116644,
0.0100408,0.00632012,0.000100432,
0.0100423,0.00631998,0.000100432,
0.891369,0.0198795,0.000125704,
0.0100755,0.00628738,0.000131744,
0.0100765,0.00628636,0.000163534,
0.0100631,0.00628589,0.000163534,
0.0100503,0.00626905,0.000176408,
0.0100473,0.00629564,5.06331e-06,
0.0100535,0.00629567,5.06331e-06,
0.0100447,0.00627449,5.30649e-05,
0.0100784,0.00630883,6.86422e-05,
0.0100648,0.0062863,0.000149387,
0.0100613,0.00632192,0.000132221,
0.0100823,0.00632189,0.000132221,
0.909535,0.0200326,0.000190713,
0.0100329,0.00628645,0.000163534,
0.0100744,0.00626454,2.12755e-05,
0.0100806,0.00629904,3.68527e-05,
0.0100734,0.00629873,5.06331e-06,
0.0100447,0.00627634,0.000117121,
0.0100423,0.00631104,0.000100432,
0.0100293,0.00631121,6.86422e-05,
0.918885,0.020104,0.000164645,
0.0101066,0.00628442,9.99548e-05,
0.0101906,0.00628494,9.99548e-05,
0.0100838,0.00628456,9.99548e-05,
0.0100411,0.00626137,2.17524e-05,
0.0100328,0.00629601,3.68527e-05,
0.0100373,0.00629603,3.68527e-05,
0.0100415,0.00627515,5.30649e-05,
0.0100297,0.00630877,6.86422e-05,
0.0100394,0.00630876,0.000100432,
0.00783688,0.00625892,8.5808e-05,
0.00784246,0.00629545,0.000100432,
0.900841,0.0198546,0.000157016,
0.0101847,0.00628623,0.000163534,
0.0101803,0.00628589,0.000163534,
0.0102176,0.0062644,2.17524e-05,
0.0102585,0.00629976,3.68527e-05,
0.0100923,0.00629771,3.68527e-05,
0.0100731,0.00627624,2.12755e-05,
0.010023,0.00630924,0.000100432,
0.0100435,0.00630964,0.000100432,
0.919269,0.0200087,0.000166553,
0.0101463,0.00628302,9.99548e-05,
0.0101103,0.00628328,0.000131744,
0.0100806,0.00628363,0.000163534,
0.0100552,0.00626064,0.000180223,
0.01006,0.0062959,3.68527e-05,
0.0100544,0.00629574,5.06331e-06,
0.0100556,0.00627362,8.53312e-05,
0.0100577,0.00630852,0.000100432,
0.928217,0.0200306,0.000237761,
0.0100575,0.00628518,0.000195323,
0.0100388,0.00628516,0.000163534,
0.010206,0.00626428,5.40186e-05,
0.0101679,0.00630002,3.68527e-05,
0.0101345,0.00629951,6.86422e-05,
0.0100753,0.00628269,0.000207721,
0.0100502,0.00630827,0.000100432,
0.937377,0.0201678,0.000130472,
0.00998396,0.00627734,9.99548e-05,
0.00772493,0.00622909,0.000178792,
0.00777466,0.00626292,0.000131744,
0.00771331,0.00626191,0.000131744,
0.00771456,0.00626191,9.99548e-05,
0.00141505,0.00617746,0.00010663,
0.00141008,0.00619237,9.94779e-05,
0.00141014,0.00619237,9.94779e-05,
0.000658281,0.00618504,9.85243e-05,
0.000658313,0.00618294,9.94779e-05,
0.000657817,0.00618288,0.000131267,
0.000658313,0.00618288,0.000163057,
0.000658313,0.00618294,0.000131267,
0.000658313,0.00618294,0.000163057,
0.000658065,0.00618288,0.000163057,
0.000657817,0.00618294,0.000163057,
0.000657817,0.00618282,0.000163057,
0.000658065,0.00618294,0.000163057,
0.000657817,0.00618282,0.000163057,
0.000657568,0.00618288,0.000131267,
0.000657568,0.00618288,9.94779e-05,
0.000657817,0.00618282,9.94779e-05,
0.000657568,0.00618282,9.94779e-05,
0.00065732,0.00618282,9.94779e-05,
0.000657568,0.00618282,9.94779e-05,
0.000657568,0.00618282,0.000131267,
0.000657568,0.00618306,0.000131267,
0.00065732,0.00618325,0.000131267,
0.000657568,0.00618312,9.94779e-05,
0.000657568,0.006183,9.94779e-05,
0.000657072,0.006183,0.000131267,
0.000656823,0.006183,0.000131267,
0.00065732,0.00618306,0.000131267,
0.000657072,0.006183,0.000163057,
0.000657072,0.006183,0.000194846,
0.000656823,0.00618288,0.000131267,
0.00065732,0.00618312,0.000131267,
0.000657072,0.006183,0.000131267,
0.000657072,0.00618294,0.000131267,
0.000656823,0.00618306,0.000131267,
0.000656823,0.00618312,0.000163057,
0.000656823,0.00618325,0.000131267,
0.000656823,0.00618312,9.94779e-05,
0.000656575,0.00618319,9.94779e-05,
0.000656575,0.006183,9.94779e-05,
0.000656327,0.006183,9.94779e-05,
0.000656575,0.006183,0.000131267,
0.000656575,0.00618312,0.000131267,
0.000656327,0.00618312,0.000163057,
0.000656327,0.00618331,0.000163057,
0.000656327,0.00618294,9.94779e-05,
0.000656823,0.00618337,9.94779e-05,
0.000656575,0.00618318,9.94779e-05,
0.000656327,0.00618306,9.94779e-05,
0.000656078,0.00618325,9.94779e-05,
0.000656078,0.00618318,0.000131267,
0.000656078,0.00618337,0.000131267,
0.00065583,0.00618325,9.94779e-05,
0.00065583,0.00618318,9.94779e-05,
0.00065583,0.00618325,9.94779e-05,
0.000656078,0.00618318,0.000131267,
0.00065583,0.006183,0.000131267,
0.00065583,0.00618306,0.000194846,
0.00065583,0.00618325,0.000163057,
0.00065583,0.00618337,0.000163057,
0.000655582,0.00618306,0.000163057,
0.000656078,0.00618337,0.000131267,
0.00065583,0.00618331,9.94779e-05,
0.000655582,0.00618331,0.000131267,
0.000655582,0.00618325,0.000131267,
0.000655333,0.00618325,9.94779e-05,
0.000655333,0.00618325,9.94779e-05,
0.00065583,0.00618343,9.94779e-05,
0.000655333,0.00618343,9.94779e-05,
0.000655333,0.00618337,9.94779e-05,
0.000655085,0.00618337,0.000131267,
0.000655333,0.00618318,0.000131267,
0.000655085,0.00618343,0.000131267,
0.000655085,0.00618349,0.000131267,
0.000655085,0.00618349,0.000131267,
0.000654837,0.00618343,9.94779e-05,
0.000654837,0.00618343,9.94779e-05,
0.000655085,0.00618331,0.000131267,
0.000654588,0.00618374,9.94779e-05,
0.000654837,0.00618349,9.94779e-05,
0.000654588,0.00618325,9.94779e-05,
0.000654588,0.00618331,9.94779e-05,
0.000654837,0.00618368,9.94779e-05,
0.000654588,0.00618343,0.000131267,
0.000655085,0.00618355,0.000131267,
0.000654588,0.00618337,0.000131267,
0.000654837,0.00618343,0.000131267,
0.000654588,0.00618331,0.000163057,
0.000654588,0.00618349,0.000163057,
0.00065434,0.00618349,0.000163057,
0.000654091,0.00618337,0.000163057,
0.00065434,0.00618362,0.000131267,
0.00065434,0.00618374,9.94779e-05,
0.000654588,0.00618362,9.94779e-05,
0.000654091,0.00618374,9.94779e-05,
0.00065434,0.00618355,9.94779e-05,
0.000654091,0.00618355,0.000131267,
0.000653843,0.00618355,9.94779e-05,
0.000653843,0.00618362,9.94779e-05,
0.00065434,0.00618355,9.94779e-05,
0.000653843,0.00618362,9.94779e-05,
0.000653843,0.00618362,0.000131267,
0.000654091,0.00618374,0.000163057,
0.000653595,0.00618361,0.000131267,
0.000653843,0.00618374,9.94779e-05,
0.000653595,0.00618368,9.94779e-05,
0.000653595,0.00618368,9.94779e-05,
0.000653843,0.0061838,9.94779e-05,
0.000653595,0.00618355,0.000131267,
0.000653346,0.00618368,9.94779e-05,
0.000653346,0.00618386,9.94779e-05,
0.000653346,0.00618355,9.94779e-05,
0.000653346,0.00618386,9.94779e-05,
0.000653346,0.00618386,9.94779e-05,
0.000653346,0.0061838,0.000131267,
0.000653346,0.0061838,9.94779e-05,
0.000653595,0.0061838,0.000131267,
0.000653346,0.00618368,0.000131267,
0.000653346,0.00618368,9.94779e-05,
0.00065285,0.0061838,9.94779e-05,
0.000653346,0.00618374,0.000131267,
0.00065285,0.00618355,9.94779e-05,
0.00065285,0.00618361,0.000131267,
0.00065186,0.00618392,0.000131267,
0.000653098,0.00618368,0.000131267,
0.000652601,0.00618392,0.000131267,
0.000652601,0.00618386,0.000163057,
0.000651363,0.0061838,0.000131267,
0.000652353,0.00618368,9.94779e-05,
0.000650867,0.0061838,9.94779e-05,
0.000651363,0.00618374,0.000131267,
0.00065285,0.00618374,0.000131267,
0.000650867,0.00618398,0.000131267,
0.000651115,0.00618398,9.94779e-05,
0.000652601,0.00618398,9.94779e-05,
0.000652105,0.00618392,9.94779e-05,
0.000652601,0.00618392,9.94779e-05,
0.000650867,0.00618398,9.94779e-05,
0.000650618,0.00618392,9.94779e-05,
0.000651115,0.00618386,9.94779e-05,
0.000652105,0.00618411,9.94779e-05,
0.000650618,0.00618417,9.94779e-05,
0.000650618,0.00618417,9.94779e-05,
0.000650867,0.00618405,0.000131267,
0.00065037,0.00618392,0.000131267,
0.000650618,0.00618398,0.000131267,
0.000650121,0.00618411,9.94779e-05,
0.000650121,0.00618405,9.94779e-05,
0.00065037,0.00618411,9.94779e-05,
0.000650121,0.00618423,9.94779e-05,
0.000650121,0.00618411,9.94779e-05,
0.000650121,0.00618429,9.94779e-05,
0.000650121,0.00618398,9.94779e-05,
0.000649873,0.00618417,9.94779e-05,
0.000649873,0.00618417,0.000131267,
0.000650121,0.00618404,9.94779e-05,
0.000649873,0.00618404,9.94779e-05,
0.000650121,0.00618398,9.94779e-05,
0.000649873,0.00618398,0.000131267,
0.000649625,0.00618423,9.94779e-05,
0.000649873,0.00618435,9.94779e-05,
0.000649625,0.00618429,9.94779e-05,
0.000650121,0.00618417,9.94779e-05,
0.000649376,0.00618423,9.94779e-05,
0.000650121,0.00618404,9.94779e-05,
0.000649376,0.00618404,0.000131267,
0.000649128,0.00618404,9.94779e-05,
0.000649376,0.00618435,9.94779e-05,
0.000649625,0.00618435,9.94779e-05,
0.000649128,0.00618429,9.94779e-05,
0.000649376,0.00618448,9.94779e-05,
0.000649376,0.00618423,0.000131267,
0.00064888,0.00618423,0.000131267,
0.000649625,0.00618417,0.000131267,
0.000649376,0.00618423,0.000131267,
0.00064888,0.00618435,0.000131267,
0.000649376,0.00618417,0.000131267,
0.000649128,0.00618441,9.94779e-05,
0.000649376,0.00618435,9.94779e-05,
0.00064888,0.00618423,9.94779e-05,
0.00064888,0.00618435,9.94779e-05,
0.000648631,0.00618429,9.94779e-05,
0.000649128,0.00618429,9.94779e-05,
0.000648631,0.00618454,9.94779e-05,
0.000648631,0.00618454,9.94779e-05,
0.000648383,0.00618441,9.94779e-05,
0.000648631,0.00618435,0.000131267,
0.000648383,0.00618429,9.94779e-05,
0.000648631,0.00618441,9.94779e-05,
0.000648631,0.00618435,9.94779e-05,
0.000648631,0.00618429,9.94779e-05,
0.000648383,0.0061846,0.000131267,
0.000648383,0.00618429,9.94779e-05,
0.000648631,0.00618466,9.94779e-05,
0.000648383,0.00618447,9.94779e-05,
0.000648383,0.0061846,9.94779e-05,
0.000648383,0.00618447,9.94779e-05,
0.000648383,0.00618441,9.94779e-05,
0.000648135,0.00618441,9.94779e-05,
0.000647886,0.00618447,9.94779e-05,
0.000648135,0.00618472,9.94779e-05,
0.000648135,0.00618466,9.94779e-05,
0.000648383,0.0061846,9.94779e-05,
0.000647886,0.0061846,9.94779e-05,
0.000647886,0.00618447,9.94779e-05,
0.000648135,0.0061846,9.94779e-05,
0.000647638,0.00618466,9.94779e-05,
0.00064739,0.00618466,9.94779e-05,
0.000647638,0.0061846,9.94779e-05,
0.00064739,0.00618472,9.94779e-05,
0.000647638,0.00618478,9.94779e-05,
0.000647638,0.00618466,9.94779e-05,
0.00064739,0.00618453,9.94779e-05,
0.00064739,0.0061846,9.94779e-05,
0.00064739,0.00618466,9.94779e-05,
0.00064739,0.00618484,9.94779e-05,
0.00064739,0.00618491,9.94779e-05,
0.00064739,0.00618478,9.94779e-05,
0.000646893,0.00618484,9.94779e-05,
0.00064739,0.00618472,9.94779e-05,
0.00064739,0.00618484,9.94779e-05,
0.000647141,0.0061846,9.94779e-05,
0.000647141,0.0061846,9.94779e-05,
0.000647141,0.00618466,9.94779e-05,
0.000646893,0.00618484,9.94779e-05,
0.000646396,0.00618484,9.94779e-05,
0.000647141,0.00618497,9.94779e-05,
0.000646893,0.00618472,9.94779e-05,
0.000646645,0.00618466,9.94779e-05,
0.000646893,0.0061846,9.94779e-05,
0.000646645,0.0061849,9.94779e-05,
0.000646645,0.0061849,9.94779e-05,
0.000646396,0.00618497,9.94779e-05,
0.000646645,0.00618497,9.94779e-05,
0.000646645,0.0061849,9.94779e-05,
0.000646396,0.00618484,9.94779e-05,
0.000646396,0.00618497,9.94779e-05,
0.000646645,0.00618484,9.94779e-05,
0.000646148,0.00618509,9.94779e-05,
0.000646396,0.00618472,9.94779e-05,
0.000646148,0.00618497,6.76885e-05,
0.000646148,0.00618497,9.94779e-05,
0.000645899,0.00618503,9.94779e-05,
0.000646148,0.0061849,9.94779e-05,
0.000645403,0.0061849,9.94779e-05,
0.000646148,0.00618472,9.94779e-05,
0.000646148,0.00618478,9.94779e-05,
0.000645899,0.0061849,9.94779e-05,
0.000645899,0.00618521,9.94779e-05,
0.000645899,0.00618515,9.94779e-05,
0.000645651,0.00618496,9.94779e-05,
0.000645899,0.00618496,9.94779e-05,
0.000645651,0.0061849,9.94779e-05,
0.000645899,0.00618503,9.94779e-05,
0.000645403,0.00618521,6.76885e-05,
0.000645651,0.00618527,9.94779e-05,
0.000645651,0.00618515,9.94779e-05,
0.000645403,0.00618521,9.94779e-05,
0.000645651,0.00618509,9.94779e-05,
0.000645403,0.0061849,9.94779e-05,
0.000645403,0.00618515,9.94779e-05,
0.000645154,0.00618503,9.94779e-05,
0.000645403,0.00618509,6.76885e-05,
0.000645154,0.00618521,6.76885e-05,
0.000645154,0.00618534,6.76885e-05,
0.000645403,0.00618515,6.76885e-05,
0.000644906,0.00618503,6.76885e-05,
0.000644906,0.00618503,6.76885e-05,
0.000644906,0.00618521,6.76885e-05,
0.000645154,0.0061854,6.76885e-05,
0.000645154,0.00618533,6.76885e-05,
0.000644658,0.00618521,6.76885e-05,
0.000644906,0.00618527,3.58991e-05,
0.000644658,0.00618527,6.76885e-05,
0.000644658,0.00618521,6.76885e-05,
0.000644658,0.00618515,6.76885e-05,
0.000644906,0.00618527,9.94779e-05,
0.000644906,0.00618527,9.94779e-05,
0.000644658,0.00618533,9.94779e-05,
0.000644658,0.00618521,9.94779e-05,
0.000644658,0.00618515,9.94779e-05,
0.000644658,0.00618521,6.76885e-05,
0.000644409,0.00618515,9.94779e-05,
0.000644161,0.00618515,9.94779e-05,
0.000644658,0.00618552,9.94779e-05,
0.000644658,0.00618533,9.94779e-05,
0.000644409,0.00618546,9.94779e-05,
0.000644409,0.00618521,6.76885e-05,
0.000644161,0.00618533,9.94779e-05,
0.000644409,0.00618527,9.94779e-05,
0.000644409,0.00618527,9.94779e-05,
0.000644161,0.00618558,9.94779e-05,
0.000644161,0.00618558,9.94779e-05,
0.000644161,0.00618539,9.94779e-05,
0.000644161,0.00618527,6.76885e-05,
0.000644161,0.00618533,9.94779e-05,
0.000644161,0.00618539,9.94779e-05,
0.000643358,0.0061865,0.000162103,
0.000643109,0.00618643,0.000193893,
0.000643105,0.00618654,0.000193893,
0.000643783,0.00618606,3.54222e-05,
0.000642682,0.00618507,9.94779e-05,
0.000642682,0.00618507,9.94779e-05,
0.00064293,0.00618501,9.94779e-05,
0.000642434,0.00618488,9.94779e-05,
0.000642434,0.00618494,9.94779e-05,
0.00064504,0.00619416,9.23255e-05,
0.000642274,0.00619373,-2.56597e-06,
0.000642537,0.00619366,0.000187694,
0.000580846,0.00618931,2.95007e-07,
0.000576567,0.00618916,0.000191032,
0.00057611,0.00618917,0.000191032,
0.000638583,0.006185,9.94779e-05,
0.000638831,0.006185,9.94779e-05,
0.000638831,0.00618494,9.94779e-05,
0.000638583,0.00618507,9.94779e-05,
0.000638583,0.006185,9.94779e-05,
0.000638583,0.00618538,9.94779e-05,
0.000638583,0.00618531,9.94779e-05,
0.000638334,0.00618513,9.94779e-05,
0.000638334,0.00618519,9.94779e-05,
0.000638334,0.00618519,9.94779e-05,
0.000638334,0.00618525,9.94779e-05,
0.000638086,0.00618513,9.94779e-05,
0.000638086,0.00618507,9.94779e-05,
0.000638334,0.00618513,9.94779e-05,
0.000638086,0.00618525,9.94779e-05,
0.000638086,0.00618519,9.94779e-05,
0.000637837,0.00618525,9.94779e-05,
0.000637837,0.00618531,9.94779e-05,
0.000637837,0.00618507,9.94779e-05,
0.000638086,0.00618538,9.94779e-05,
0.000637837,0.00618531,6.76885e-05,
0.000638086,0.00618519,9.94779e-05,
0.000637589,0.00618531,9.94779e-05,
0.000637837,0.00618531,9.94779e-05,
0.000637837,0.00618507,9.94779e-05,
0.000637341,0.00618531,6.76885e-05,
0.000637589,0.00618538,9.94779e-05,
0.000637837,0.00618513,9.94779e-05,
0.000637589,0.00618525,9.94779e-05,
0.000637589,0.00618525,9.94779e-05,
0.000637341,0.00618519,9.94779e-05,
0.000637341,0.0061855,9.94779e-05,
0.000633726,0.00653967,0.000163057,
0.000632225,0.00654113,0.000163057,
0.000632744,0.00653886,0.000194846,
0.000607638,0.00901665,6.9119e-05,
0.000605304,0.00903318,0.000164487,
0.000605046,0.00901298,0.000196277,
0.000604783,0.0090157,0.000164487,
0.000548555,0.0146461,3.97137e-05,
0.00053846,0.0145827,8.87795e-06,
-0.011999,0.873418,0.000488887,
0.00058631,0.0150034,0.000198661,
0.00058694,0.0150205,0.000166871,
0.000586363,0.0149871,0.000166871,
0.000596651,0.0150032,0.000101862,
0.000573413,0.0150299,7.198e-05,
0.000573305,0.0150287,4.01905e-05,
0.00058376,0.0150305,0.000133652,
0.000560235,0.0150325,0.000103769,
0.000568568,0.0150288,3.92369e-05,
0.000551173,0.0150068,4.06674e-05,
0.000551201,0.0150232,4.06674e-05,
0.000561006,0.015019,0.000134128,
0.000538025,0.0150009,0.000136036,
0.000537668,0.0150183,0.000167825,
0.000538372,0.015029,0.000136036,
-0.0117704,0.873465,0.000520677,
0.000587717,0.0151338,0.000198661,
0.000588348,0.0150513,0.000198661,
0.000588705,0.0150222,0.000166871,
0.00059985,0.0150133,0.000101862,
0.000575832,0.0150258,7.198e-05,
0.000585254,0.0150253,0.000102339,
0.000563314,0.0150631,0.000199138,
0.00056339,0.0150373,0.000167348,
0.000574245,0.0150934,7.00726e-05,
0.000550202,0.0150303,7.24568e-05,
0.000550183,0.0150388,7.24568e-05,
0.000561374,0.0150204,0.000197707,
0.000536587,0.0150249,0.000199615,
0.000538484,0.015042,0.000167825,
-0.0116849,0.882147,0.000467588,
0.000589909,0.0150079,0.000198661,
0.000600411,0.015001,0.000101385,
0.000575958,0.0150308,0.000103769,
0.000575982,0.0150336,0.000103769,
0.00057587,0.0150283,0.000103769,
0.00058629,0.0150333,7.05495e-05,
0.000563301,0.0150274,8.87795e-06,
0.000563244,0.0150137,0.000199138,
0.00057117,0.0150289,0.000102816,
0.000553373,0.0150181,7.24568e-05,
0.000564902,0.0150163,0.000165918,
0.000540064,0.0150282,0.000199615,
0.000539694,0.0150212,0.000199615,
0.000538368,0.0150125,0.000136036,
-0.0111409,0.846963,0.000510663,
0.000606206,0.0150272,0.000103293,
0.000605606,0.0150181,0.000103293,
0.000616225,0.0150164,6.4938e-06,
0.000593381,0.015014,0.000198661,
0.000593,0.0150092,0.000198661,
0.000603447,0.0150275,6.95958e-05,
0.000579123,0.0150484,0.000103769,
0.000579382,0.0150223,0.000103769,
0.000589681,0.015024,3.92369e-05,
0.000566754,0.0150075,0.000199138,
0.000566464,0.0150067,0.000199138,
0.000574761,0.0150365,7.05495e-05,
0.000556604,0.0150237,7.24568e-05,
0.000556557,0.0150085,4.06674e-05,
-0.011174,0.873888,0.000490318,
0.000605065,0.0150466,0.000135082,
0.000604089,0.0149912,0.000198661,
0.000604958,0.015045,0.000103293,
0.000614713,0.015018,0.000134128,
0.00059118,0.0150319,4.01905e-05,
0.000591747,0.0150466,7.198e-05,
0.000597608,0.0152106,0.000102816,
0.000581726,0.0150286,0.000167348,
0.000591845,0.0150819,0.000134128,
0.000568862,0.0150196,8.87795e-06,
0.00056906,0.0150346,8.87795e-06,
0.000578369,0.0150617,7.15031e-05,
0.000555242,0.015012,0.000104246,
0.00055569,0.015027,0.000104246,
0.00055632,0.0150506,0.000136036,
-0.0109916,0.873564,0.000460913,
0.000606627,0.0150339,0.000135082,
0.000607843,0.0150458,0.000166871,
0.000607265,0.0150323,0.000135082,
0.000615188,0.0150347,6.95958e-05,
0.000596666,0.0150459,4.01905e-05,
0.000606063,0.0150308,3.92369e-05,
0.000583844,0.0150296,0.000135559,
0.000583627,0.0150521,0.000135559,
0.000596907,0.0150442,3.68527e-05,
0.00056818,0.0150237,7.24568e-05,
0.000568028,0.0150206,8.87795e-06,
0.000575524,0.015027,0.00019723,
0.00055692,0.0150476,0.000136036,
0.000557491,0.0150479,0.000104246,
-0.0106662,0.865304,0.000571381,
0.000661224,0.00836413,0.000195323,
0.000660494,0.00836281,0.000131744,
0.000676479,0.00630485,9.90011e-05,
0.000673761,0.00630321,0.00016258,
0.000673512,0.00630339,0.000194369,
0.000674254,0.00630323,0.000194369,
0.000674836,0.00618564,0.000130791,
0.000674836,0.00618514,0.000130791,
0.000675084,0.00618527,0.00016258,
0.000674588,0.00618564,9.90011e-05,
0.000674836,0.00618539,0.000130791,
0.000674588,0.00618576,0.00016258,
0.000674588,0.00618576,0.00016258,
0.000674836,0.00618539,0.00016258,
0.000674339,0.00618576,0.000130791,
0.000674339,0.00618551,0.00016258,
0.000674091,0.00618539,0.00016258,
0.000674588,0.00618588,9.90011e-05,
0.000674091,0.00618551,0.000130791,
0.000674091,0.006186,0.00016258,
0.000672605,0.00618588,0.00016258,
0.000672605,0.00618538,0.00016258,
0.000672605,0.006186,0.000130791,
0.000673894,0.00618847,0.000128406,
0.000673397,0.00618809,0.000128406,
0.0006729,0.00618846,9.66169e-05,
0.000674265,0.00618591,3.54222e-05,
0.000672363,0.00618593,3.54222e-05,
0.000672611,0.00618582,9.90011e-05,
0.000671825,0.00618562,9.90011e-05,
0.000671825,0.00618586,0.000194369,
0.000670836,0.00618586,0.00016258,
0.000671173,0.00618621,0.000193893,
0.000670925,0.00618621,0.000162103,
0.00067068,0.00618647,0.000162103,
0.000674152,0.00619253,0.000188171,
0.000670344,0.00619269,9.32791e-05,
0.00067084,0.00619295,9.32791e-05,
0.000671535,0.0061865,0.000193416,
0.000666429,0.00618733,0.000129837,
0.000666677,0.00618783,0.000161626,
0.000665456,0.00618638,0.00016258,
0.000665456,0.00618675,0.00016258,
0.000665208,0.00618662,0.00016258,
0.000665208,0.00618631,0.00016258,
0.000665208,0.00618631,0.000130791,
0.000665208,0.00618668,0.000130791,
0.000665208,0.0061865,0.00016258,
0.00066496,0.00618637,0.00016258,
0.00066496,0.00618681,0.000194369,
0.000664711,0.00618643,0.000194369,
0.000664711,0.0061865,0.000130791,
0.000664711,0.00618687,0.000130791,
0.000664711,0.00618687,0.00016258,
0.000664463,0.00618649,0.000130791,
0.000664463,0.00618643,0.000194369,
0.000664463,0.00618705,0.00016258,
0.000664711,0.00618662,0.00016258,
0.000664463,0.00618649,0.000194369,
0.000663966,0.00618699,0.00016258,
0.000663966,0.00618674,0.000194369,
0.000664463,0.00618655,0.000130791,
0.000663966,0.00618643,0.000130791,
0.000663966,0.00618705,0.00016258,
0.000663563,0.00618709,0.000193893,
0.000663811,0.00618746,0.000193893,
0.000664556,0.0061871,0.000162103,
0.00066581,0.00619181,9.47096e-05,
0.000664645,0.00619212,0.000190078,
0.00066291,0.00619176,0.000190078,
0.00066291,0.00619157,0.000126499,
0.000662219,0.00618675,9.94779e-05,
0.000662156,0.00618745,0.000194369,
0.000662033,0.00618782,0.00016258,
0.000660213,0.00618764,0.000194369,
0.000659965,0.00618746,0.000194369,
0.000660213,0.00618739,0.000130791,
0.000660213,0.0061877,0.00016258,
0.000660213,0.00618758,0.00016258,
0.000659965,0.00618739,0.000130791,
0.000659716,0.00618714,0.000194369,
0.000659716,0.00618764,0.000194369,
0.000659468,0.00618758,0.00016258,
0.000660213,0.00618727,0.000194369,
0.000659965,0.00618727,0.00016258,
0.000660006,0.00618789,0.000130791,
0.000660254,0.0061876,9.90011e-05,
0.000660254,0.00618809,9.90011e-05,
0.000659716,0.00618801,0.000130791,
0.000659716,0.00618794,0.000194369,
0.000659468,0.00618745,0.00016258,
0.000659468,0.00618732,0.000194369,
0.000659468,0.00618788,0.000194369,
0.000659468,0.00618776,0.000130791,
0.000659468,0.00618745,0.00016258,
0.00065922,0.00618738,0.00016258,
0.00065922,0.00618807,0.000130791,
0.000659161,0.00618912,3.15599e-06,
0.000658412,0.00618872,3.49454e-05,
0.000660411,0.00618773,3.58991e-05,
0.000657161,0.00618858,0.000130791,
0.000657285,0.00618857,0.000130791,
0.000656664,0.00618831,0.000130791,
0.000657493,0.00618861,0.000194369,
0.000657493,0.00618836,0.000194369,
0.000656747,0.00618824,0.000130791,
0.000656747,0.00618811,0.000130791,
0.000656996,0.00618873,0.00016258,
0.000656499,0.00618849,0.000194369,
0.000656499,0.00618817,0.000194369,
0.000656623,0.00618799,0.00016258,
0.000656623,0.00618886,0.00016258,
0.000656623,0.00618855,0.00016258,
0.000656375,0.00618842,0.00016258,
0.000656375,0.00618805,0.00016258,
0.000656499,0.00618879,0.000194369,
0.000656747,0.00618867,0.000194369,
0.000656747,0.00618848,0.000194369,
0.00064601,0.00778233,6.76885e-05,
0.000645107,0.00777758,9.99548e-05,
0.000609979,0.0137982,0.000101385,
0.000596594,0.013794,3.97137e-05,
0.000596792,0.0137816,3.97137e-05,
0.000596443,0.0138041,7.92429e-06,
0.000597348,0.0150981,0.000101385,
0.000575386,0.015026,0.000199138,
0.00057505,0.0150497,0.000199138,
0.000583123,0.0150504,0.000165441,
0.000564449,0.0150715,8.87795e-06,
0.000575433,0.0150267,0.000196754,
0.000552379,0.0150231,0.000136036,
0.00055069,0.0149896,0.000136036,
-0.0104585,0.882281,0.000615568,
0.000605929,0.0151162,0.000198661,
0.000605995,0.015157,0.000198661,
0.000615937,0.0152141,0.000133175,
0.000592025,0.0151116,0.000103769,
0.000592437,0.0150671,0.000103769,
0.000602272,0.0150254,7.05495e-05,
0.000579927,0.0150498,0.000103769,
0.000586996,0.015036,0.000102816,
0.000570123,0.0150282,4.06674e-05,
0.000570089,0.0150453,7.24568e-05,
0.000570804,0.0150217,0.000104246,
0.000576207,0.01502,0.000103293,
0.000564698,0.0150501,0.000104246,
0.000563676,0.0150256,0.000104246,
-0.0102113,0.873318,0.000543407,
0.000610856,0.0150755,0.000135082,
0.000611329,0.0150018,0.000103293,
0.000611166,0.0149978,0.000166871,
0.000621358,0.015022,0.000165441,
0.000598644,0.0150021,7.198e-05,
0.000608397,0.0149829,7.00726e-05,
0.000584777,0.015028,0.000103769,
0.000585133,0.0150152,0.000103769,
0.000593098,0.0149856,0.000102816,
0.000574478,0.0149982,4.06674e-05,
0.000574929,0.0149974,7.24568e-05,
0.000585138,0.0149956,7.10263e-05,
0.000560661,0.0150497,0.000136036,
0.000560881,0.015023,0.000104246,
-0.0100309,0.88213,0.000620337,
0.000612981,0.0149774,0.000198661,
0.0006314,0.012714,7.00726e-05,
0.00061431,0.0127151,0.000134128,
0.00061407,0.0127705,0.000165918,
0.000635441,0.00964989,0.000163534,
0.000621349,0.00964792,0.000164487,
0.000621312,0.00964999,0.000196277,
0.000621222,0.00964816,0.000164487,
0.000639773,0.00617363,0.00016258,
0.000637212,0.00617352,4.10965e-06,
0.000637138,0.00617377,4.10965e-06,
0.000637084,0.00617327,4.10965e-06,
0.000637049,0.00617302,4.10965e-06,
0.000636975,0.00617278,4.10965e-06,
0.000636913,0.00617302,3.58991e-05,
0.000636851,0.00617401,3.58991e-05,
0.000636812,0.00617278,4.10965e-06,
0.0006367,0.00617426,4.10965e-06,
0.00063668,0.00617377,4.10965e-06,
0.000636603,0.00617401,4.10965e-06,
0.000636506,0.00617377,4.10965e-06,
0.000636447,0.00617377,4.10965e-06,
0.000636389,0.00617377,4.10965e-06,
0.000636354,0.00617352,4.10965e-06,
0.00063628,0.00617352,4.10965e-06,
0.000636207,0.00617302,4.10965e-06,
0.000636152,0.00617327,4.10965e-06,
0.000636121,0.00617327,4.10965e-06,
0.000636028,0.00617327,4.10965e-06,
0.000635958,0.00617327,4.10965e-06,
0.000635916,0.00617252,3.58991e-05,
0.000635846,0.00617277,3.58991e-05,
0.000635807,0.00617252,4.10965e-06,
0.000635698,0.00617376,4.10965e-06,
0.000635659,0.00617277,4.10965e-06,
0.000635609,0.00617401,4.10965e-06,
0.000635531,0.00617326,4.10965e-06,
0.00063545,0.00617401,3.58991e-05,
0.000635426,0.00617401,4.10965e-06,
0.00063538,0.00617351,4.10965e-06,
0.000635283,0.00617401,3.58991e-05,
0.000635213,0.00617351,4.10965e-06,
0.000635171,0.00617326,4.10965e-06,
0.000635097,0.00617302,3.58991e-05,
0.000635023,0.00617277,4.10965e-06,
0.000634961,0.00617326,4.10965e-06,
0.00063493,0.00617302,6.76885e-05,
0.000634864,0.00617425,3.58991e-05,
0.000634774,0.00617302,4.10965e-06,
0.000634724,0.00617401,3.58991e-05,
0.000634697,0.00617401,4.10965e-06,
0.000634588,0.00617401,4.10965e-06,
0.000634545,0.00617401,4.10965e-06,
0.000634491,0.00617401,4.10965e-06,
0.000634414,0.00617376,4.10965e-06,
0.000634344,0.00617326,4.10965e-06,
0.000634309,0.00617326,4.10965e-06,
0.000634231,0.00617326,4.10965e-06,
0.000634208,0.00617351,4.10965e-06,
0.000634138,0.00617326,4.10965e-06,
0.000634052,0.00617351,4.10965e-06,
0.000634006,0.00617276,4.10965e-06,
0.000633921,0.00617301,3.58991e-05,
0.000633858,0.00617276,3.58991e-05,
0.000633796,0.00617375,4.10965e-06,
0.000633742,0.00617301,4.10965e-06,
0.000633688,0.00617425,4.10965e-06,
0.000633645,0.006174,4.10965e-06,
0.000633571,0.00617375,4.10965e-06,
0.000633486,0.006174,4.10965e-06,
0.000633424,0.00617425,4.10965e-06,
0.000633373,0.00617351,4.10965e-06,
0.000633288,0.00617351,3.58991e-05,
0.000633265,0.00617375,3.58991e-05,
0.000633175,0.00617326,3.58991e-05,
0.000633144,0.00617351,6.76885e-05,
0.000633082,0.00617351,3.58991e-05,
0.000633005,0.00617326,3.58991e-05,
0.000632939,0.0061745,3.58991e-05,
0.000632873,0.00617474,6.76885e-05,
0.000632799,0.00617276,6.76885e-05,
0.000632772,0.00617425,4.10965e-06,
0.000632683,0.00617425,4.10965e-06,
0.000632613,0.00617425,4.10965e-06,
0.000632554,0.006174,4.10965e-06,
0.000632531,0.006174,4.10965e-06,
0.000632473,0.00617375,4.10965e-06,
0.000632395,0.006174,4.10965e-06,
0.000632322,0.0061735,4.10965e-06,
0.000632271,0.00617375,4.10965e-06,
0.000632197,0.0061735,4.10965e-06,
0.000632139,0.0061735,4.10965e-06,
0.000632065,0.00617375,3.58991e-05,
0.000632015,0.00617325,4.10965e-06,
0.000631988,0.00617325,4.10965e-06,
0.000631903,0.00617424,4.10965e-06,
0.000631821,0.00617424,4.10965e-06,
0.000631767,0.00617449,3.58991e-05,
0.000631732,0.00617449,4.10965e-06,
0.000631662,0.00617424,4.10965e-06,
0.000631592,0.006174,4.10965e-06,
0.000631557,0.006174,4.10965e-06,
0.000631483,0.00617375,4.10965e-06,
0.000631406,0.00617424,4.10965e-06,
0.000631359,0.006174,4.10965e-06,
0.000631289,0.006174,4.10965e-06,
0.000631215,0.00617375,4.10965e-06,
0.000631173,0.00617375,4.10965e-06,
0.000630701,0.00617422,4.10965e-06,
0.000631482,0.00617401,4.10965e-06,
0.000631413,0.0061745,4.10965e-06,
0.00063135,0.00617425,4.10965e-06,
0.00063129,0.00617401,4.10965e-06,
0.00063122,0.00617425,4.10965e-06,
0.000631174,0.00617425,4.10965e-06,
0.0006311,0.00617425,4.10965e-06,
0.000631033,0.00617376,4.10965e-06,
0.000630975,0.00617351,4.10965e-06,
0.000630923,0.00617376,4.10965e-06,
0.000630855,0.00617351,4.10965e-06,
0.000630802,0.0061745,3.58991e-05,
0.000630731,0.0061745,4.10965e-06,
0.000630668,0.0061745,4.10965e-06,
0.000630604,0.00617425,4.10965e-06,
0.000630561,0.00617425,4.10965e-06,
0.000630485,0.00617425,4.10965e-06,
0.000630414,0.0061745,4.10965e-06,
0.000630364,0.00617425,4.10965e-06,
0.000630321,0.006174,4.10965e-06,
0.000630246,0.006174,4.10965e-06,
0.00063018,0.006174,4.10965e-06,
0.000630129,0.00617375,3.58991e-05,
0.00063007,0.006174,4.10965e-06,
0.000630009,0.006174,4.10965e-06,
0.000629936,0.006174,4.10965e-06,
0.000629866,0.00617524,4.10965e-06,
0.000629812,0.00617351,3.58991e-05,
0.000629767,0.00617474,4.10965e-06,
0.000629691,0.00617474,4.10965e-06,
0.000629633,0.00617499,4.10965e-06,
0.000629567,0.00617474,4.10965e-06,
0.000629513,0.00617499,4.10965e-06,
0.000629469,0.0061745,4.10965e-06,
0.000629393,0.00617474,4.10965e-06,
0.000629332,0.00617425,4.10965e-06,
0.000629266,0.00617425,4.10965e-06,
0.000629208,0.00617425,4.10965e-06,
0.000629163,0.00617425,4.10965e-06,
0.000629072,0.00617425,4.10965e-06,
0.000629021,0.006174,3.58991e-05,
0.000628969,0.006174,4.10965e-06,
0.000628912,0.006174,4.10965e-06,
0.000628842,0.00617499,4.10965e-06,
0.000628784,0.00617524,4.10965e-06,
0.000628727,0.00617524,4.10965e-06,
0.000628664,0.00617449,4.10965e-06,
0.000628609,0.00617524,4.10965e-06,
0.000628541,0.00617499,4.10965e-06,
0.000628482,0.00617499,4.10965e-06,
0.000628416,0.00617474,4.10965e-06,
0.000628364,0.00617499,4.10965e-06,
0.000628295,0.00617449,4.10965e-06,
0.000628243,0.00617474,4.10965e-06,
0.000628174,0.00617424,4.10965e-06,
0.000628109,0.00617449,4.10965e-06,
0.000628058,0.006174,4.10965e-06,
0.000627997,0.006174,4.10965e-06,
0.000627937,0.00617375,4.10965e-06,
0.000627877,0.00617548,4.10965e-06,
0.00062782,0.00617523,4.10965e-06,
0.000627761,0.00617424,4.10965e-06,
0.000627696,0.00617523,0.000194369,
0.000627637,0.00617523,0.000194369,
0.000627577,0.00617523,0.000194369,
0.000627519,0.00617498,0.000194369,
0.000627462,0.00617498,0.000194369,
0.000627384,0.00617474,0.000194369,
0.00062732,0.00617449,0.000194369,
0.000627273,0.00617449,0.000194369,
0.000627218,0.00617474,0.000194369,
0.000627168,0.00617424,0.000194369,
0.000627098,0.00617449,0.000194369,
0.000627022,0.00617449,0.000194369,
0.000626975,0.00617424,0.000194369,
0.000626911,0.00617449,0.000194369,
0.000626849,0.00617523,0.000194369,
0.000626798,0.00617424,0.000194369,
0.000626728,0.00617548,0.000194369,
0.000626668,0.00617498,0.000194369,
0.000626609,0.00617548,0.000194369,
0.000626551,0.00617498,0.000194369,
0.000626493,0.00617548,0.000194369,
0.000626432,0.00617523,0.000194369,
0.000626379,0.00617548,0.000194369,
0.000626315,0.00617473,0.000194369,
0.000626253,0.00617473,0.000194369,
0.000626197,0.00617498,0.000194369,
0.000626135,0.00617498,0.000194369,
0.000626065,0.00617448,0.000194369,
0.000626012,0.00617473,0.000194369,
0.000625953,0.00617448,0.000194369,
0.000625901,0.00617547,0.000194369,
0.000625826,0.00617547,0.000194369,
0.000625772,0.00617572,0.000194369,
0.000625709,0.00617597,0.000194369,
0.000625646,0.00617572,0.000194369,
0.000625596,0.00617547,0.00016258,
0.000625527,0.00617547,0.000194369,
0.000625467,0.00617523,0.000194369,
0.00062542,0.00617498,0.000194369,
0.000625366,0.00617523,0.000194369,
0.000625307,0.00617547,0.000194369,
0.000625251,0.00617547,0.00016258,
0.000625175,0.00617547,0.000194369,
0.000625123,0.00617473,0.000194369,
0.000625065,0.00617523,0.000194369,
0.000625005,0.00617498,0.000194369,
0.000624941,0.00617448,0.000194369,
0.000624882,0.00617498,0.000194369,
0.000624813,0.00617473,0.00016258,
0.000624763,0.00617597,0.000194369,
0.000624707,0.00617473,0.000194369,
0.000624659,0.00617572,0.000194369,
0.00062458,0.00617547,0.000194369,
0.000624522,0.00617572,0.00016258,
0.000624454,0.00617547,0.000194369,
0.000624406,0.00617547,0.000194369,
0.000624342,0.00617547,0.000194369,
0.000624271,0.00617497,0.000194369,
0.000624228,0.00617497,0.000194369,
0.000624171,0.00617522,0.000194369,
0.000624095,0.00617547,0.000194369,
0.000624043,0.00617522,0.000194369,
0.000623974,0.00617473,0.000194369,
0.000623934,0.00617497,0.000194369,
0.000623873,0.00617423,0.000194369,
0.00062382,0.00617497,0.000194369,
0.000623755,0.00617497,0.00016258,
0.00062369,0.00617596,0.000194369,
