0.0089902
1.30806
-0.103691
0.421696
1.10623
0.356228
1.22142
0.360674
1.22941
0.365339
1.22923
0.366861
0.377338
1.24094
0.378378
1.24105
0.37856
1.24067
0.378278
1.24112
0.378089
1.2412
0.378023
1.2412
0.378015
1.24124
0.378013
1.24122
0.377997
1.24118
0.378014
1.24122
0.378014
1.24122
0.378015
1.2412
0.377995
1.24123
0.378028
1.24122
0.378016
1.24122
0.377999
1.2412
0.378014
1.24123
0.378016
1.24123
0.378016
1.24123
0.378032
1.24122
0.377997
1.24121
0.37803
1.2412
0.377996
1.24125
0.37803
1.24123
0.378032
1.2412
0.378013
1.24123
0.378032
1.2412
0.378016
1.24119
0.378038
1.24123
0.378013
1.24122
0.378113
1.24094
0.37798
1.24135
0.377815
1.24136
0.377955
1.24125
0.378021
1.24125
0.377979
1.24125
0.37803
1.2412
0.377997
1.24121
0.378029
1.24121
0.378017
1.2412
0.378013
1.2412
0.378014
1.24118
0.378014
1.24118
0.378016
1.24122
0.377977
1.24125
0.378029
1.2412
0.378013
1.24124
0.377994
1.24125
0.37803
1.2412
0.378013
1.2412
0.378009
1.24118
0.378013
1.24122
0.378015
1.2412
0.37801
1.24118
0.378015
1.24124
0.37803
1.2412
0.378012
1.24122
0.378015
1.2412
0.378009
1.2412
0.377998
1.24124
0.37803
1.2412
0.378012
1.24122
0.378015
1.2412
0.378009
1.2412
0.377998
1.24124
0.37803
1.2412
0.378012
1.24122
0.378015
1.2412
0.378009
1.2412
0.377998
1.24124
0.37803
1.2412
0.378012
1.24122
0.378015
1.2412
0.378009
1.2412
0.377998
1.24124
0.37803
1.2412
0.378012
1.24122
0.378015
1.2412
0.378009
1.2412
0.377998
1.24124
0.37803
1.2412
0.378012
1.24122
0.378015
1.2412
0.378009
1.2412
0.377998
1.24124
0.37803
1.2412
0.378012
1.24122
0.378015
1.2412
0.378009
1.2412
0.377998
1.24124
0.37803
1.2412
0.378012
1.24122
0.378015
1.2412
0.378009
1.2412
0.377998
1.24124
0.37803
1.2412
0.378012
1.24122
0.378015
1.2412
0.378009
1.2412
0.377998
1.24124
0.37803
1.2412
0.378012
1.24122
0.378015
1.2412
0.378009
1.2412
0.377998
1.24124
0.37803
1.2412
0.378012
1.24122
0.378015
1.2412
0.378009
1.24137
0.378036
1.2413
0.378026
1.24574
0.382777
1.24688
0.405314
1.27774
0.336602
1.14162
0.289099
1.17628
0.304211
1.19232
0.342997
1.20348
0.368247
1.23983
0.380073
1.266
0.416878
1.28109
0.333338
1.14289
0.284382
1.17331
0.300369
1.19021
0.343115
1.20189
0.342483
1.22625
0.377076
1.26075
0.413684
1.27517
0.331191
1.13879
0.263439
1.14351
0.287196
1.16058
0.300549
1.18853
0.348122
1.22737
0.383163
1.24186
0.400378
1.26635
0.40729
1.27125
0.327341
1.13658
0.261068
1.16253
0.304241
1.16646
0.334346
1.20011
0.346075
1.22875
0.383331
1.24183
0.401226
1.26799
0.408646
1.14631
0.268182
1.15489
0.263696
1.16188
0.30735
1.19087
0.344688
1.20456
0.362878
1.23229
0.370517
1.25191
0.398679
1.2606
0.398196
1.16952
0.259493
1.18494
0.304862
1.18016
0.331935
1.20312
0.341829
1.22692
0.377606
1.23955
0.402258
1.2787
0.414119
1.16275
0.272519
1.19267
0.308748
1.18544
0.344173
1.2169
0.357803
1.22194
0.375381
1.24625
0.408122
1.28212
0.419531
1.24693
0.269322
1.10223
0.314781
1.14008
0.302737
1.06772
0.297888
1.24417
0.319287
1.2362
0.376791
1.25887
0.394944
1.28103
0.43181
1.29367
0.430122
1.27079
0.303352
1.1062
0.326552
1.16192
0.320491
1.09307
0.324953
1.2734
0.343881
1.26658
0.375902
1.27548
0.41883
1.28626
0.284889
1.16018
0.321685
1.13389
0.306803
1.15262
0.299162
1.15806
0.296853
1.15895
0.296591
1.15882
0.296628
1.15872
0.296661
1.15875
0.296685
1.16015
0.297749
1.16024
0.310401
1.1804
0.318503
1.19595
0.343455
1.20577
0.349068
1.21178
0.35029
1.21307
0.349865
1.21336
0.349705
1.21338
0.349692
1.21342
0.349667
1.21334
0.349655
1.21344
0.349669
1.21342
0.349656
1.21338
0.349656
1.21342
0.349689
1.21342
0.349689
1.21342
0.349689
1.21342
0.349689
1.21342
0.349689
1.21342
0.349689
1.21342
0.349689
1.21342
0.349689
1.21342
0.349689
1.21342
0.349689
1.21342
0.349689
1.21342
0.349689
1.21342
0.349689
1.21342
0.349689
1.21342
0.349689
1.21342
0.349689
1.21342
0.349689
1.21342
0.349689
1.21342
0.349689
1.21342
0.349689
1.21342
0.349689
1.21342
0.349689
1.21342
0.349689
1.21342
0.349689
1.21342
0.349689
1.21342
0.349689
1.21342
0.349689
1.21342
0.349689
1.21342
0.349689
1.21342
0.349689
1.21342
0.349689
1.21342
0.349689
1.21342
0.349689
1.21342
0.349689
1.21342
0.349689
1.21342
0.349689
1.21342
0.349689
1.21342
0.349689
1.21342
0.349689
1.21342
0.349689
1.21342
0.349689
1.21342
0.349689
1.21342
0.349689
1.21342
0.349689
1.21342
0.349689
1.21342
0.349689
1.21342
0.349689
1.21342
0.349689
1.21342
0.349689
1.21342
0.349689
1.21342
0.349689
1.21342
0.349689
1.21342
0.349689
1.21342
0.349689
1.21342
0.349689
1.21342
0.349689
1.21342
0.349689
1.21342
0.349689
1.21342
0.349689
1.21342
0.349689
1.21342
0.349689
1.21342
0.349689
1.21342
0.349689
1.21342
0.349689
1.21342
0.349689
1.21342
0.349689
1.21342
0.349689
1.21342
0.349689
1.21342
0.349689
1.21342
0.349689
1.21342
0.349689
1.21342
0.349689
1.21342
0.349689
1.21342
0.349689
1.21342
0.349689
1.21342
0.349689
1.21342
0.349689
1.21342
0.349689
1.21342
0.349689
1.21342
0.349689
1.21342
0.349689
1.21342
0.349689
1.21342
0.349689
1.21342
0.349689
1.21342
0.349689
1.21342
0.349689
1.21342
0.349689
1.21342
0.349689
1.21342
0.349689
1.21342
0.349689
1.21342
0.349689
1.21342
0.349689
1.21342
0.349689
1.21342
0.349689
1.21342
0.349689
1.21342
0.349689
1.21342
0.349689
1.21342
0.349689
1.21342
0.349689
1.21342
0.349689
1.21342
0.349689
1.21342
0.349689
1.21342
0.349689
1.21342
0.349689
1.21342
0.349689
1.21342
0.349689
1.21342
0.349689
1.21342
0.349689
1.21342
0.349689
1.21342
0.349689
1.21342
0.349689
1.21342
0.349689
1.21342
0.349689
1.21342
0.349689
1.21342
0.349689
1.21342
0.349689
1.21342
0.349689
1.21342
0.349689
1.21342
0.349689
1.21342
0.349689
1.21342
0.349689
1.21342
0.349689
1.21342
0.349689
1.21327
0.349904
1.21312
0.358198
1.22198
0.361797
1.22645
0.369272
1.23009
0.368558
1.23176
0.367698
1.23204
0.36756
1.23205
0.367528
1.23209
0.367558
1.23208
0.367547
1.23206
0.367539
1.23208
0.367543
1.23204
0.367529
1.2321
0.36756
1.2321
0.367526
1.2321
0.367539
1.23208
0.367528
1.23206
0.367872
1.23135
0.368252
1.23789
0.383843
1.24265
0.383276
1.24737
0.390355
1.25184
0.388812
1.25326
0.388368
1.25342
0.388273
1.25338
0.388266
1.25337
0.388271
1.25339
0.388267
1.25339
0.388266
1.25338
0.388253
1.25336
0.388271
1.25336
0.388271
1.25336
0.388271
1.25336
0.388271
1.2528
0.388453
1.24911
0.383136
1.24793
0.371747
1.23361
0.367024
1.23261
0.363574
1.22708
0.362179
1.22679
0.362124
1.22677
0.362172
1.22676
0.362158
1.2268
0.362156
1.22676
0.362138
1.22673
0.36216
1.22673
0.362144
1.22674
0.362183
1.22675
0.362185
1.22679
0.362148
1.22676
0.362177
1.22676
0.362158
1.22673
0.362145
1.2268
0.362177
1.22676
0.362159
1.22676
0.362139
1.22673
0.36216
1.22673
0.362144
1.22674
0.362183
1.22675
0.362185
1.23708
0.374311
1.23736
0.373892
1.23728
0.373892
1.23723
0.373892
1.23725
0.373878
1.23728
0.373911
1.23728
0.373894
1.23724
0.373892
1.23725
0.373914
1.2373
0.373877
1.23728
0.37391
1.23726
0.373881
1.23722
0.373881
1.2373
0.373909
1.23726
0.373882
1.23728
0.373911
1.23722
0.373899
1.23726
0.373891
1.23728
0.373911
1.23724
0.373878
1.23724
0.37391
1.23726
0.373882
1.23728
0.373895
1.23726
0.373896
1.23722
0.373899
1.23728
0.373876
1.23724
0.37391
1.2372
0.373899
1.23728
0.373891
1.23727
0.373898
1.23728
0.373912
1.23722
0.373899
1.23724
0.373876
1.23728
0.373893
1.2372
0.373899
1.23728
0.373891
1.23727
0.373898
1.23728
0.373912
1.23722
0.373899
1.23724
0.373876
1.23728
0.373893
1.2372
0.373899
1.23728
0.373891
1.23727
0.373898
1.23728
0.373912
1.23722
0.373899
1.23724
0.373876
1.23728
0.373893
1.2372
0.373899
1.23728
0.373891
1.23727
0.373898
1.23728
0.373912
1.23722
0.373899
1.23724
0.373876
1.23728
0.373893
1.2372
0.373899
1.23728
0.373891
1.23727
0.373898
1.23728
0.373912
1.23722
0.373899
1.23724
0.373876
1.23728
0.373893
1.2372
0.373899
1.23728
0.373891
1.23727
0.373898
1.23728
0.373912
1.23722
0.373899
1.23724
0.373876
1.23728
0.373893
1.2372
0.373899
1.23728
0.373891
1.23727
0.373898
1.23728
0.373912
1.23722
0.373899
1.23724
0.373876
1.23728
0.373893
1.2372
0.373899
1.23728
0.373891
1.23727
0.373898
1.23728
0.373912
1.23722
0.373899
1.23724
0.373876
1.23728
0.373893
1.2372
0.373899
1.23728
0.373891
1.23727
0.373898
1.23728
0.373912
1.23722
0.373899
1.23724
0.373876
1.23728
0.373893
1.2372
0.373899
1.23728
0.373891
1.23727
0.373898
1.23728
0.373912
1.23722
0.373899
1.23724
0.373876
1.23728
0.373893
1.2372
0.373899
1.23728
0.373891
1.23727
0.373898
1.23728
0.373912
1.23722
0.373899
1.23724
0.373876
1.23728
0.373893
1.23706
0.373949
1.23718
0.37403
1.23683
0.359326
1.21542
0.351937
1.19772
0.324613
1.18793
0.323417
1.16383
0.288394
1.26451
0.423191
1.25677
0.407707
1.24665
0.365694
1.2175
0.352451
1.21232
0.334776
1.18807
0.326521
1.16326
0.289267
1.26701
0.426957
1.26046
0.409358
1.24364
0.389276
1.22378
0.349175
1.21075
0.32402
1.17463
0.289194
1.13892
0.278455
1.13319
0.404474
1.25422
0.379171
1.37809
0.386435
1.17241
0.403618
1.1988
0.356481
1.18057
0.311735
1.16897
0.285916
1.13272
0.275134
1.16957
0.393376
1.31409
0.372035
1.25594
0.373433
1.22667
0.350397
1.21468
0.325959
1.28184
0.313551
1.07149
0.311069
1.11998
0.422938
1.25192
0.355811
1.26055
0.360789
1.22138
0.334033
1.2039
0.3348
1.1849
0.310679
1.15063
0.272924
1.24067
0.426678
1.18042
0.374124
1.23747
0.360837
1.23675
0.339714
1.19947
0.329022
1.1742
0.292952
1.14308
0.264749
1.13101
0.264022
1.25211
0.405717
1.23876
0.389896
1.23396
0.372968
1.21598
0.335665
1.18157
0.299377
1.16822
0.300466
1.1407
0.2655
1.12817
0.353193
1.27962
0.423574
1.24673
0.382323
1.24098
0.376611
1.21912
0.342086
1.18937
0.315662
1.17875
0.292318
1.14411
0.282177
1.26453
0.423497
1.25298
0.401866
1.23783
0.357484
1.20622
0.343552
1.1808
0.305936
1.16879
0.306143
1.1415
0.271087
1.25516
0.420403
1.24908
0.40693
1.24663
0.389936
1.24959
0.387519
1.2492
0.38759
1.24899
0.387648
1.24896
0.3877
1.24889
0.387676
1.24895
0.387705
1.24892
0.38771
1.2489
0.387691
1.24889
0.387674
1.24895
0.387704
1.24889
0.387675
1.24895
0.387704
1.24892
0.387692
1.24891
0.387687
1.24893
0.387667
1.24893
0.387703
1.24892
0.387691
1.24888
0.387707
1.24891
0.387669
1.24895
0.387688
1.24891
0.387691
1.24891
0.387671
1.24895
0.387688
1.24753
0.38631
1.24749
0.386433
1.23642
0.369791
1.23089
0.352244
1.2074
0.34211
1.20215
0.341344
1.20114
0.34173
1.20091
0.341886
1.20089
0.341921
1.20087
0.341895
1.20088
0.341928
1.20085
0.341951
1.20087
0.341921
1.20087
0.341921
1.20088
0.341898
1.20085
0.341929
1.20087
0.341911
1.20087
0.34193
1.2009
0.341895
1.20087
0.341895
1.20085
0.341948
1.20085
0.341913
1.20086
0.341966
1.20087
0.341878
1.20088
0.341925
1.20086
0.341916
1.20089
0.341931
1.20088
0.341895
1.20086
0.34195
1.20087
0.341898
1.20088
0.341917
1.20087
0.34192
1.20087
0.341954
1.20088
0.341897
1.20085
0.341919
1.20088
0.34193
1.20085
0.341929
1.20087
0.341917
1.20087
0.341898
1.20088
0.341927
1.20089
0.341893
1.20085
0.341951
1.20087
0.341953
1.20089
0.341954
1.20087
0.341898
1.20089
0.341894
1.20084
0.341896
1.20087
0.34195
1.20087
0.341953
1.20089
0.341898
1.20089
0.341894
1.20087
0.341896
1.20087
0.34195
1.20087
0.341953
1.20089
0.341898
1.20089
0.341894
1.20087
0.341896
1.20087
0.34195
1.20087
0.341953
1.20089
0.341898
1.20089
0.341894
1.20087
0.341896
1.20087
0.34195
1.20087
0.341953
1.20089
0.341898
1.20089
0.341894
1.20087
0.341896
1.20087
0.34195
1.20087
0.341953
1.20089
0.341898
1.20089
0.341894
1.20087
0.341896
1.20087
0.34195
1.20087
0.341953
1.20089
0.341898
1.20089
0.341894
1.20087
0.341896
1.20087
0.34195
1.20087
0.341953
1.20089
0.341898
1.20089
0.341894
1.20087
0.341896
1.20087
0.34195
1.20087
0.341953
1.20089
0.341898
1.20089
0.341894
1.20087
0.341896
1.20087
0.34195
1.20087
0.341953
1.20089
0.341898
1.20089
0.341894
1.20087
0.341896
1.20087
0.34195
1.20087
0.341953
1.20089
0.341898
1.20089
0.341894
1.20087
0.341896
1.20087
0.34195
1.20087
0.341953
1.20089
0.341898
1.20089
0.341894
1.20087
0.341896
1.20087
0.34195
1.20087
0.341953
1.20089
0.341898
1.20089
0.341894
1.20087
0.341896
1.20087
0.34195
1.20087
0.341953
1.20089
