0.000983647
0.332023
1.78058
-2.10086
1.92119
-2.16627
1.87384
-2.18839
1.86662
-2.19322
1.86608
-2.19401
1.86625
-2.19352
1.85902
-2.20267
1.85546
-2.22088
1.83006
-2.23193
1.86488
-2.1932
1.88477
-2.19324
1.85547
-2.21754
1.83229
-2.22908
1.83062
-2.19296
1.9026
-2.15172
1.89047
-2.16843
1.88349
-2.17285
1.86316
-2.19918
1.83438
-2.22958
1.82484
-2.19338
1.90469
-2.14899
1.88819
-2.17228
1.87847
-2.1779
1.85969
-2.20261
1.83543
-2.22736
1.82773
-2.19453
1.89938
-2.17255
1.87475
-2.18205
1.85797
-2.20302
1.85124
-2.22449
1.82394
-2.19635
1.89799
-2.17391
1.87276
-2.18366
1.85137
-2.21056
1.84239
-2.23337
1.81478
-2.24675
1.86729
-2.18595
1.88234
-2.18111
1.87308
-2.20081
1.84522
-2.2138
1.8433
-2.23255
1.81615
-2.24449
1.87519
-2.14012
1.88432
-2.2198
1.87194
-2.18203
1.84329
-2.216
1.83588
-2.15221
1.87766
-2.17111
1.89289
-2.18269
1.86571
-2.19299
1.84701
-2.25393
1.82422
-2.23728
1.80694
-2.1706
1.86936
-2.18047
1.87309
-2.19088
1.86461
-2.21182
1.83607
-2.22441
1.87047
-2.18732
1.8705
-2.19669
1.85851
-2.21417
1.83733
-2.22369
1.83532
-2.19024
1.907
-2.14896
1.89402
-2.16675
1.86253
-2.20279
1.85037
-2.21014
1.83549
-2.2301
1.82827
-2.19773
1.89984
-2.15718
1.88266
-2.18101
1.87322
-2.18672
1.8586
-2.20538
1.83206
-2.23534
1.82238
-2.20072
1.8994
-2.15792
1.86386
-2.20503
1.87784
-2.18132
1.89639
-2.18317
1.86741
-2.19447
1.84989
-2.21551
1.84272
-2.2379
1.81594
-2.2492
1.86794
-2.18958
1.89849
-2.18219
1.86963
-2.19331
1.86663
-2.21221
1.83921
-2.23803
1.81601
-2.24897
1.86501
-2.19444
1.89378
-2.16966
1.87146
-2.19498
1.86092
-2.21796
1.83318
-2.24466
1.80919
-2.25595
1.8072
-2.21682
1.88601
-2.19122
1.8618
-2.20016
1.84032
-2.22698
1.83131
-2.19569
1.902
-2.15514
1.88977
-2.17254
1.87171
-2.19194
1.86636
-2.19392
1.86803
-2.1935
1.86833
-2.19219
1.87017
-2.19136
1.87034
-2.19126
1.87033
-2.19124
1.87033
-2.19125
1.87032
-2.19124
1.87032
-2.19123
1.87031
-2.19124
1.87032
-2.19124
1.87032
-2.19124
1.87031
-2.19124
1.87032
-2.19125
1.87032
-2.19124
1.87032
-2.19124
1.87032
-2.19125
1.87032
-2.19125
1.87032
-2.19125
1.87032
-2.19125
1.87032
-2.19125
1.87032
-2.19125
1.87031
-2.19125
1.87032
-2.19126
1.87032
-2.19125
1.87031
-2.19124
1.87032
-2.19126
1.87031
-2.19124
1.87033
-2.19125
1.87032
-2.19125
1.87032
-2.19065
1.87122
-2.19025
1.87065
-2.19106
1.87033
-2.19123
1.87031
-2.19125
1.87032
-2.19124
1.87032
-2.19125
1.87031
-2.19125
1.87032
-2.19125
1.87033
-2.19125
1.87031
-2.19124
1.87032
-2.19124
1.87031
-2.19124
1.87033
-2.19125
1.87031
-2.19124
1.87032
-2.19125
1.87031
-2.19124
1.87031
-2.19124
1.87032
-2.19125
1.87031
-2.19124
1.87031
-2.19124
1.87031
-2.19124
1.87032
-2.19124
1.87031
-2.19124
1.87031
-2.19125
1.87032
-2.19125
1.87031
-2.19124
1.87032
-2.19124
1.87031
-2.19124
1.87032
-2.19124
1.87032
-2.19125
1.87031
-2.19124
1.87032
-2.19124
1.87031
-2.19124
1.87032
-2.19124
1.87032
-2.19125
1.87031
-2.19124
1.87032
-2.19124
1.87031
-2.19124
1.87032
-2.19124
1.87032
-2.19125
1.87031
-2.19124
1.87032
-2.19124
1.87031
-2.19124
1.87032
-2.19124
1.87032
-2.19125
1.87031
-2.19124
1.87032
-2.19124
1.87031
-2.19124
1.87032
-2.19124
1.87032
-2.19125
1.87031
-2.19124
1.87032
-2.19124
1.87031
-2.19124
1.87032
-2.19124
1.87032
-2.19125
1.87031
-2.19124
1.87032
-2.19124
1.87031
-2.19124
1.87032
-2.19124
1.87032
-2.19125
1.87031
-2.19124
1.87032
-2.19124
1.87031
-2.19124
1.87032
-2.19124
1.87032
-2.19125
1.87031
-2.19124
1.87032
-2.19124
1.87031
-2.19124
1.87032
-2.19124
1.87032
-2.19125
1.87031
-2.19124
1.87032
-2.19124
1.87031
-2.19124
1.87032
-2.19124
1.87032
-2.19125
1.87031
-2.19124
1.87032
-2.19124
1.87031
-2.19124
1.88784
-2.16196
1.88761
-2.16209
1.88637
-2.16255
1.88619
-2.16263
1.88618
1.88054
-2.17649
1.88055
-2.17645
1.88054
-2.17645
1.88053
-2.17644
1.88054
-2.17645
1.88053
-2.17646
1.88054
-2.17644
1.88053
-2.17644
1.88054
-2.17647
1.88054
-2.17647
1.88054
-2.17647
1.88054
-2.17647
1.88054
-2.17647
1.88054
-2.17647
1.88054
-2.17647
1.88054
-2.17647
1.88054
-2.17647
1.88054
-2.17647
1.88054
-2.17647
1.88054
-2.17647
1.88054
-2.17647
1.88054
-2.17647
1.88054
-2.17647
1.88054
-2.17647
1.88054
-2.17647
1.88054
-2.17647
1.88054
-2.17647
1.88054
-2.17647
1.88054
-2.17647
1.88054
-2.17647
1.88054
-2.17647
1.88054
-2.17647
1.88054
-2.17647
1.88054
-2.17647
1.88054
-2.17647
1.88054
-2.17647
1.88054
-2.17647
1.88054
-2.17647
1.88054
-2.17647
1.88054
-2.17647
1.88054
-2.17647
1.88054
-2.17647
1.88054
-2.17647
1.88054
-2.17647
1.88054
-2.17647
1.88054
-2.17647
1.88054
-2.17647
1.88054
-2.17647
1.88054
-2.17647
1.88054
-2.17647
1.88054
-2.17647
1.88054
-2.17647
1.88054
-2.17647
1.88054
-2.17647
1.88054
-2.17647
1.88054
-2.17647
1.88054
-2.17647
1.88054
-2.17647
1.88054
-2.17647
1.88054
-2.17647
1.88054
-2.17647
1.88054
-2.17647
1.88054
-2.17647
1.88054
-2.17647
1.88054
-2.17647
1.88054
-2.17647
1.88054
-2.17647
1.88054
-2.17647
1.88054
-2.17647
1.88054
-2.17647
1.88054
-2.17647
1.88054
-2.17647
1.88054
-2.17647
1.88054
-2.17647
1.88054
-2.17647
1.88054
-2.17647
1.88054
-2.17647
1.88054
-2.17647
1.88054
-2.17647
1.88054
-2.17647
1.88054
-2.17647
1.88054
-2.17647
1.88054
-2.17647
1.88054
-2.17647
1.88054
-2.17647
1.88054
-2.17647
1.88054
-2.17647
1.88054
-2.17647
1.88054
-2.17647
1.88054
-2.17647
1.88054
-2.17647
1.88054
-2.17647
1.88054
-2.17647
1.88054
-2.17647
1.88054
-2.17647
1.88054
-2.17647
1.88054
-2.17647
1.88054
-2.17647
1.88054
-2.17647
1.88054
-2.17647
1.88054
-2.17647
1.88054
-2.17647
1.88054
-2.17647
1.88054
-2.17647
1.88054
-2.17647
1.88054
-2.17647
1.88054
-2.17647
1.88054
-2.17647
1.88054
-2.17647
1.88054
-2.17647
1.88054
-2.17647
1.88054
-2.17647
1.88054
-2.17647
1.88054
-2.17647
1.88054
-2.17647
1.88054
-2.17647
1.88054
-2.17647
1.88054
-2.17647
1.88054
-2.17647
1.88054
-2.17647
1.88054
-2.17647
1.88054
-2.17647
1.88054
-2.17647
1.88054
-2.17647
1.88054
-2.17647
1.88054
-2.17647
1.88054
-2.17647
1.88054
-2.17647
1.88054
-2.17647
1.88054
-2.17647
1.88054
-2.17647
1.88051
-2.17658
1.88053
-2.17889
1.87986
-2.17989
1.8798
-2.18039
1.88003
-2.17981
1.88006
-2.17959
1.87994
-2.17962
1.87991
-2.17964
1.87991
-2.17965
1.87991
-2.17964
1.8799
-2.17964
1.87991
-2.17964
1.8799
-2.17964
1.87991
-2.17964
1.87991
-2.17963
1.87991
-2.17964
1.87991
-2.17964
1.87991
-2.17988
1.87987
-2.17999
1.87805
-2.18495
1.8787
-2.18461
1.87766
-2.186
1.87772
-2.1852
1.87748
-2.18518
1.87736
-2.1852
1.87735
-2.18521
1.87735
-2.18522
1.87735
-2.18522
1.87735
-2.18522
1.87736
-2.18521
1.87735
-2.18522
1.87735
-2.18522
1.87735
-2.18522
1.87735
-2.18522
-2.17693
1.88177
-2.17693
1.88176
-2.17693
1.88176
-2.17692
1.88176
-2.17692
1.88175
-2.17691
1.88176
-2.17692
1.88176
-2.17691
1.88177
-2.17694
1.88177
-2.17694
1.88177
-2.17693
1.88176
-2.17693
1.88176
-2.17692
1.88176
-2.17693
1.88177
-2.17693
1.88176
-2.17692
1.88175
-2.17691
1.88176
-2.17692
1.88176
-2.17691
1.88177
-2.17694
1.88177
-2.17694
1.88173
-2.17714
1.88236
-2.17697
1.88295
-2.17637
1.8983
-2.15642
1.90614
-2.18748
1.83382
-2.2307
1.84569
-2.21417
1.85284
-2.2099
1.87216
-2.1845
1.8332
-2.23429
1.8056
-2.24298
1.82716
-2.23624
1.84979
-2.20868
1.85944
-2.19
1.88059
-2.16198
1.91035
-2.14823
1.91292
-2.18079
1.83851
-2.22576
1.85121
-2.20833
1.8585
-2.18631
1.8868
-2.17286
1.85561
-2.20791
1.85515
-2.19966
1.86627
-2.17699
1.89568
-2.16308
1.8977
-2.20101
1.81875
-2.24694
1.83126
-2.22922
1.86236
-2.19427
1.87436
-2.18705
1.88924
-2.16719
1.89651
-2.19707
1.82598
-2.23914
1.8379
-2.2224
1.845
-2.21817
1.85913
-2.19954
1.8903
-2.1639
1.90243
-2.19609
1.82386
-2.24142
1.84008
-2.21777
1.84946
-2.21401
1.86968
-2.1868
1.87885
-2.16881
1.89909
-2.19822
1.82372
-2.22323
1.84751
-2.21439
1.86953
-2.18678
1.8789
-2.1638
1.90633
-2.19113
1.82971
-2.21624
1.8543
-2.2071
1.87637
-2.17941
1.88574
-2.24085
1.83717
-2.22426
1.84832
-2.16942
1.85363
-2.18724
1.87777
-2.1809
1.83619
-2.25633
1.84091
-2.23177
1.85009
-2.20806
1.87706
-2.13311
1.87497
-2.16398
1.91092
-2.1496
1.85256
-2.24141
1.84705
-2.22474
1.85172
-2.20747
1.85723
-2.18728
1.88374
-2.20934
1.81629
-2.24772
1.81356
-2.23749
1.83439
-2.21078
1.86332
-2.19759
1.8852
-2.16979
1.89452
-2.20394
1.81586
-2.24966
1.83221
-2.22667
1.86128
-2.1959
1.87121
-2.18947
1.88568
-2.17071
1.89261
-2.20172
1.82118
-2.23091
1.83867
-2.22407
1.83997
-2.20602
1.86716
-2.19408
1.88913
-2.16617
1.89849
-2.2043
1.81373
-2.25181
1.80942
-2.23429
1.84309
-2.20158
1.87425
-2.18703
1.89097
-2.16587
1.89763
-2.19521
1.82783
-2.23711
1.84052
-2.2196
1.84774
-2.19878
1.87423
-2.16919
1.90361
-2.1556
1.90612
-2.18919
1.8358
-2.22971
1.85225
-2.2064
1.86135
-2.20136
1.8703
-2.18935
1.87294
-2.1885
1.87233
-2.18863
1.8722
-2.18868
1.87221
-2.18869
1.8722
-2.18869
1.8722
-2.18869
1.8722
-2.18868
1.87219
-2.18868
1.8722
-2.18869
1.8722
-2.18869
1.8722
-2.18869
1.8722
-2.18867
1.87221
-2.18869
1.8722
-2.18869
1.8722
-2.18869
1.8722
-2.18869
1.87221
-2.18869
1.87219
-2.1887
1.8722
-2.18869
1.87219
-2.18868
1.8722
-2.18869
1.8722
-2.18868
1.8722
-2.18869
1.8722
-2.18868
1.8722
-2.18868
1.8722
-2.18868
1.8722
-2.18869
1.87221
-2.18869
1.87219
-2.18868
1.8722
-2.1887
1.8722
-2.18869
1.8722
-2.18868
1.87219
-2.18868
1.8722
-2.18868
1.87221
-2.18869
1.87219
-2.18868
1.8722
-2.1887
1.8722
-2.18869
1.8722
-2.18868
1.87219
-2.18868
1.8722
-2.18868
1.87221
-2.18869
1.87219
-2.18868
1.8722
-2.1887
1.8722
-2.18869
1.8722
-2.18868
1.87219
-2.18868
1.8722
-2.18868
1.87221
-2.18869
1.87219
-2.18868
1.8722
-2.1887
1.8722
-2.18869
1.8722
-2.18868
1.87219
-2.18868
1.8722
-2.18868
1.87221
-2.18869
1.87219
-2.18868
1.8722
-2.1887
1.8722
-2.18869
1.8722
-2.18868
1.87219
-2.18868
1.8722
-2.18868
1.87221
-2.18869
1.87219
-2.18868
1.8722
-2.1887
1.8722
-2.18869
1.8722
-2.18868
1.87219
-2.18868
1.8722
-2.18868
1.87221
-2.18869
1.87219
-2.18868
1.8722
-2.1887
1.8722
-2.18869
1.8722
-2.18868
1.87219
-2.18868
1.8722
-2.18868
1.87221
-2.18869
1.87219
-2.18868
1.8722
-2.1887
1.8722
-2.18869
1.8722
-2.18868
1.87219
-2.18868
1.8722
-2.18868
1.87221
-2.18869
1.87219
-2.18868
1.8722
-2.1887
1.8722
-2.18869
1.8722
-2.18868
1.87219
-2.18868
1.8722
-2.18868
1.87221
-2.18869
1.87219
-2.18868
1.8722
-2.1887
1.8722
-2.18869
1.8722
-2.18868
1.87219
-2.18868
1.8722
-2.18868
1.87221
-2.18869
1.87219
-2.18868
1.8722
-2.1887
1.8722
-2.18869
1.8722
-2.18868
1.87219
-2.18868
1.8722
-2.18868
-2.20434
1.85857
-2.20546
1.85781
-2.20579
1.85776
-2.20583
1.85776
-2.20584
1.85776
-2.20583
1.85777
-2.20584
1.85777
-2.20584
1.85776
-2.20583
1.85776
-2.20583
1.85777
-2.20584
1.85776
-2.20583
1.85777
-2.20584
1.85777
-2.20583
1.85777
-2.20584
1.85775
-2.20584
1.85776
-2.20584
1.85777
-2.20583
1.85776
-2.20584
1.85775
-2.20583
1.85777
-2.20584
1.85776
-2.20583
1.85776
-2.20583
1.85777
-2.20584
1.85794
-2.19924
1.85785
-2.19931
1.85785
-2.19931
1.85786
-2.19928
1.85786
-2.1993
1.85787
-2.19931
1.85787
-2.19929
1.85787
-2.1993
1.85786
-2.19928
1.85787
-2.19931
1.85787
-2.19928
1.85786
-2.19931
1.85786
-2.19928
1.85786
-2.19929
1.85788
-2.19931
1.85787
-2.1993
1.85786
-2.19931
1.85786
-2.19928
1.85786
-2.19931
1.85786
-2.1993
1.85787
-2.19931
1.85787
-2.19929
1.85786
-2.19932
1.85787
-2.19929
1.85787
-2.1993
1.85787
-2.1993
1.85787
-2.19932
1.85786
-2.19928
1.85787
-2.19929
1.85786
-2.1993
1.85787
-2.19931
1.85787
-2.1993
1.85787
-2.19929
1.85787
-2.19931
1.85786
-2.19928
1.85787
-2.19931
1.85787
-2.19932
1.85787
-2.19932
1.85787
-2.19929
1.85786
-2.19928
1.85787
-2.19929
1.85787
-2.19932
1.85787
-2.19932
1.85787
-2.19929
1.85786
-2.19928
1.85787
-2.19929
1.85787
-2.19932
1.85787
-2.19932
1.85787
-2.19929
1.85786
-2.19928
1.85787
-2.19929
1.85787
-2.19932
1.85787
-2.19932
1.85787
-2.19929
1.85786
-2.19928
1.85787
-2.19929
1.85787
-2.19932
1.85787
-2.19932
1.85787
-2.19929
1.85786
-2.19928
1.85787
-2.19929
1.85787
-2.19932
1.85787
-2.19932
1.85787
-2.19929
1.85786
-2.19928
1.85787
-2.19929
1.85787
-2.19932
1.85787
-2.19932
1.85787
-2.19929
1.85786
-2.19928
1.85787
-2.19929
1.85787
-2.19932
1.85787
-2.19932
1.85787
-2.19929
1.85786
-2.19928
1.85787
-2.19929
1.85787
-2.19932
1.85787
-2.19932
1.85787
-2.19929
1.85786
-2.19928
1.85787
-2.19929
1.85787
-2.19932
1.85787
-2.19932
1.85787
-2.19929
1.85786
-2.19928
1.85787
-2.19929
1.85787
-2.19932
1.85787
-2.19932
1.85787
-2.19929
1.85786
-2.19928
1.85787
-2.19929
1.85787
-2.19932
1.85787
-2.19932
1.85787
-2.19929
1.85786
-2.19928
1.85787
-2.19929
1.85787
-2.19932
1.85787
-2.19932
1.85787
-2.19929
1.85786
-2.19928
1.85787
-2.19929
1.85787
-2.19932
1.85787
-2.19932
1.85787
