0.0089902,0.000983647,6.28453,
1.30806,0.332023,4.75492,
-0.103691,1.78058,5.55896,
0.421696,-2.10086,5.06163,
1.10623,1.92119,5.11799,
0.356228,-2.16627,5.11342,
1.22142,1.87384,5.07954,
0.360674,-2.18839,5.11498,
1.22941,1.86662,5.07758,
0.365339,-2.19322,5.11365,
1.22923,1.86608,5.07796,
0.366861,-2.19401,5.11315,
1.22637,1.86625,5.07855,
0.363025,-2.19352,5.11397,
1.22527,1.85902,5.07775,
0.359383,-2.20267,5.11499,
1.22288,1.85546,5.07834,
0.355647,-2.22088,5.11662,
1.22437,1.83006,5.07528,
0.358678,-2.23193,5.11467,
1.29361,1.86488,5.07206,
0.404646,-2.1932,5.09954,
1.20957,1.88477,5.08515,
0.350056,-2.19324,5.11777,
1.21778,1.85547,5.07846,
0.346539,-2.21754,5.11888,
1.21757,1.83229,5.07677,
0.360173,-2.22908,5.11458,
1.21572,1.83062,5.07782,
0.48225,-2.19296,5.0865,
1.24948,1.9026,5.07517,
0.346581,-2.15172,5.11881,
1.21431,1.89047,5.08134,
0.337002,-2.16843,5.12112,
1.20871,1.88349,5.08276,
0.348835,-2.17285,5.11786,
1.21698,1.86316,5.07835,
0.340031,-2.19918,5.12007,
1.21556,1.83438,5.07642,
0.343108,-2.22958,5.11886,
1.2087,1.82484,5.07864,
0.482555,-2.19338,5.08612,
1.24689,1.90469,5.07611,
0.345869,-2.14899,5.11883,
1.21507,1.88819,5.08078,
0.336359,-2.17228,5.12143,
1.21724,1.87847,5.08093,
0.344745,-2.1779,5.11819,
1.21199,1.85969,5.07955,
0.33991,-2.20261,5.11981,
1.21231,1.83543,5.07755,
0.34269,-2.22736,5.1187,
1.20656,1.82773,5.07944,
0.470127,-2.19453,5.08896,
1.24258,1.89938,5.07663,
0.341801,-2.17255,5.1209,
1.2144,1.87475,5.08001,
0.338579,-2.18205,5.12016,
1.21157,1.85797,5.0796,
0.341665,-2.20302,5.11922,
1.20797,1.85124,5.08077,
0.342674,-2.22449,5.11952,
1.21259,1.82394,5.07713,
0.46802,-2.19635,5.08948,
1.23939,1.89799,5.07707,
0.338073,-2.17391,5.12173,
1.21047,1.87276,5.08063,
0.334904,-2.18366,5.12089,
1.20814,1.85137,5.07945,
0.336482,-2.21056,5.12043,
1.20336,1.84239,5.08093,
0.340227,-2.23337,5.11996,
1.21742,1.81478,5.07596,
0.350421,-2.24675,5.11586,
1.29066,1.86729,5.07502,
0.40624,-2.18595,5.09749,
1.20084,1.88234,5.08648,
0.342005,-2.18111,5.11847,
1.20204,1.87308,5.0838,
0.335217,-2.20081,5.1215,
1.21549,1.84522,5.07835,
0.343374,-2.2138,5.11803,
1.2018,1.8433,5.08178,
0.339681,-2.23255,5.11981,
1.20675,1.81615,5.07792,
0.344024,-2.24449,5.11753,
0.8953,1.87519,5.13604,
0.208301,-2.14012,5.15605,
1.1818,1.88432,5.08881,
0.769659,-2.2198,5.03771,
1.42233,1.87194,5.02331,
0.341631,-2.18203,5.12755,
1.24321,1.84329,5.06711,
0.3319,-2.216,5.12313,
1.20954,1.83588,5.07851,
0.0161522,-2.15221,5.17841,
1.02208,1.87766,5.13772,
0.349254,-2.17111,5.11058,
1.19161,1.89289,5.09139,
0.348014,-2.18269,5.11739,
1.21037,1.86571,5.08108,
0.342264,-2.19299,5.11882,
1.21101,1.84701,5.07899,
0.77887,-2.25393,5.03497,
1.42796,1.82422,5.01708,
0.338051,-2.23728,5.12734,
1.23385,1.80694,5.06782,
0.035638,-2.1706,5.1744,
1.04001,1.86936,5.13361,
0.36007,-2.18047,5.10771,
1.19329,1.87309,5.08843,
0.352248,-2.19088,5.11569,
1.21063,1.86461,5.08173,
0.34621,-2.21182,5.11892,
1.21726,1.83607,5.077,
0.349933,-2.22441,5.11674,
1.29216,1.87047,5.07297,
0.407001,-2.18732,5.09912,
1.22034,1.8705,5.08062,
0.355666,-2.19669,5.11597,
1.21933,1.85851,5.079,
0.352343,-2.21417,5.11732,
1.2218,1.83733,5.07649,
0.356694,-2.22369,5.11517,
1.22468,1.83532,5.07709,
0.495902,-2.19024,5.08344,
1.26241,1.907,5.07307,
0.358937,-2.14896,5.11631,
1.22871,1.89402,5.07872,
0.350198,-2.16675,5.11848,
1.23214,1.86253,5.07486,
0.353238,-2.20279,5.11762,
1.23403,1.85037,5.0754,
0.363987,-2.21014,5.11348,
1.22795,1.83549,5.07508,
0.362311,-2.2301,5.11426,
1.22482,1.82827,5.07593,
0.500448,-2.19773,5.08279,
1.2695,1.89984,5.07102,
0.366148,-2.15718,5.11462,
1.23682,1.88266,5.07597,
0.357327,-2.18101,5.1169,
1.23081,1.87322,5.07744,
0.37033,-2.18672,5.11312,
1.23643,1.8586,5.07455,
0.362323,-2.20538,5.11494,
1.23682,1.83206,5.07218,
0.365462,-2.23534,5.11403,
1.23131,1.82238,5.07396,
0.504335,-2.20072,5.08162,
1.27072,1.8994,5.071,
0.369402,-2.15792,5.11375,
1.22294,1.86386,5.07492,
0.347843,-2.20503,5.12043,
1.31615,1.87784,5.0671,
0.418676,-2.18132,5.09778,
1.23365,1.89639,5.08082,
0.36884,-2.18317,5.11429,
1.24092,1.86741,5.07457,
0.368262,-2.19447,5.1136,
1.24004,1.84989,5.07335,
0.369251,-2.21551,5.11324,
1.24359,1.84272,5.07346,
0.373532,-2.2379,5.11252,
1.23942,1.81594,5.07132,
0.374743,-2.2492,5.11106,
1.32937,1.86794,5.06779,
0.442105,-2.18958,5.08965,
1.2306,1.89849,5.08288,
0.373484,-2.18219,5.11272,
1.24905,1.86963,5.07377,
0.373695,-2.19331,5.11211,
1.23714,1.86663,5.07624,
0.368904,-2.21221,5.11426,
1.24221,1.83921,5.07222,
0.372,-2.23803,5.11326,
1.24258,1.81601,5.07068,
0.378333,-2.24897,5.11025,
1.33189,1.86501,5.06673,
0.448646,-2.19444,5.08863,
1.2329,1.89378,5.08153,
0.373932,-2.16966,5.1114,
1.2393,1.87146,5.07525,
0.366503,-2.19498,5.11444,
1.23723,1.86092,5.07536,
0.367359,-2.21796,5.11467,
1.24122,1.83318,5.0719,
0.370088,-2.24466,5.1136,
1.2399,1.80919,5.07073,
0.376685,-2.25595,5.11051,
1.24136,1.8072,5.07195,
0.508937,-2.21682,5.0796,
1.27052,1.88601,5.07063,
0.37354,-2.19122,5.11356,
1.24315,1.8618,5.0735,
0.368761,-2.20016,5.11342,
1.24121,1.84032,5.07214,
0.369978,-2.22698,5.11313,
1.23644,1.83131,5.07356,
0.503028,-2.19569,5.08232,
1.27153,1.902,5.07068,
0.366914,-2.15514,5.11458,
1.23858,1.88977,5.07657,
0.361679,-2.17254,5.11586,
1.24325,1.87171,5.07452,
0.372635,-2.19194,5.1129,
1.24228,1.86636,5.07501,
0.377338,-2.19392,5.11106,
1.24094,1.86803,5.0759,
0.378378,-2.1935,5.11073,
1.24105,1.86833,5.07592,
0.37856,-2.19219,5.11062,
1.24067,1.87017,5.0762,
0.378278,-2.19136,5.11078,
1.24112,1.87034,5.07602,
0.378089,-2.19126,5.11086,
1.2412,1.87033,5.07599,
0.378023,-2.19124,5.1109,
1.2412,1.87033,5.07599,
0.378015,-2.19125,5.1109,
1.24124,1.87032,5.07597,
0.378013,-2.19124,5.1109,
1.24122,1.87032,5.07598,
0.377997,-2.19123,5.11092,
1.24118,1.87031,5.07601,
0.378014,-2.19124,5.1109,
1.24122,1.87032,5.07598,
0.378014,-2.19124,5.1109,
1.24122,1.87032,5.07598,
0.378015,-2.19124,5.11089,
1.2412,1.87031,5.076,
0.377995,-2.19124,5.1109,
1.24123,1.87032,5.07598,
0.378028,-2.19125,5.11089,
1.24122,1.87032,5.07598,
0.378016,-2.19124,5.1109,
1.24122,1.87032,5.07598,
0.377999,-2.19124,5.1109,
1.2412,1.87032,5.076,
0.378014,-2.19125,5.11089,
1.24123,1.87032,5.07598,
0.378016,-2.19125,5.11089,
1.24123,1.87032,5.07598,
0.378016,-2.19125,5.11089,
1.24123,1.87032,5.07598,
0.378032,-2.19125,5.11088,
1.24122,1.87032,5.07598,
0.377997,-2.19125,5.1109,
1.24121,1.87032,5.076,
0.37803,-2.19125,5.11088,
1.2412,1.87031,5.076,
0.377996,-2.19125,5.1109,
1.24125,1.87032,5.07597,
0.37803,-2.19126,5.11087,
1.24123,1.87032,5.07598,
0.378032,-2.19125,5.11088,
1.2412,1.87031,5.076,
0.378013,-2.19124,5.11089,
1.24123,1.87032,5.07597,
0.378032,-2.19126,5.11089,
1.2412,1.87031,5.076,
0.378016,-2.19124,5.1109,
1.24119,1.87033,5.07599,
0.378038,-2.19125,5.11088,
1.24123,1.87032,5.07599,
0.378013,-2.19125,5.1109,
1.24122,1.87032,5.07598,
0.378113,-2.19065,5.11083,
1.24094,1.87122,5.07617,
0.37798,-2.19025,5.11091,
1.24135,1.87065,5.07596,
0.377815,-2.19106,5.11098,
1.24136,1.87033,5.07592,
0.377955,-2.19123,5.11092,
1.24125,1.87031,5.07597,
0.378021,-2.19125,5.11089,
1.24125,1.87032,5.07597,
0.377979,-2.19124,5.11092,
1.24125,1.87032,5.07597,
0.37803,-2.19125,5.11088,
1.2412,1.87031,5.076,
0.377997,-2.19125,5.1109,
1.24121,1.87032,5.076,
0.378029,-2.19125,5.11089,
1.24121,1.87033,5.07599,
0.378017,-2.19125,5.1109,
1.2412,1.87031,5.076,
0.378013,-2.19124,5.1109,
1.2412,1.87032,5.07599,
0.378014,-2.19124,5.1109,
1.24118,1.87031,5.07601,
0.378014,-2.19124,5.1109,
1.24118,1.87033,5.076,
0.378016,-2.19125,5.11089,
1.24122,1.87031,5.07599,
0.377977,-2.19124,5.11092,
1.24125,1.87032,5.07597,
0.378029,-2.19125,5.11088,
1.2412,1.87031,5.076,
0.378013,-2.19124,5.11089,
1.24124,1.87031,5.07597,
0.377994,-2.19124,5.1109,
1.24125,1.87032,5.07597,
0.37803,-2.19125,5.11088,
1.2412,1.87031,5.076,
0.378013,-2.19124,5.11089,
1.2412,1.87031,5.076,
0.378009,-2.19124,5.1109,
1.24118,1.87031,5.07601,
0.378013,-2.19124,5.1109,
1.24122,1.87032,5.07598,
0.378015,-2.19124,5.11089,
1.2412,1.87031,5.076,
0.37801,-2.19124,5.1109,
1.24118,1.87031,5.07601,
0.378015,-2.19125,5.11088,
1.24124,1.87032,5.07597,
0.37803,-2.19125,5.11088,
1.2412,1.87031,5.076,
0.378012,-2.19124,5.1109,
1.24122,1.87032,5.07598,
0.378015,-2.19124,5.11089,
1.2412,1.87031,5.076,
0.378009,-2.19124,5.1109,
1.2412,1.87032,5.076,
0.377998,-2.19124,5.1109,
1.24124,1.87032,5.07597,
0.37803,-2.19125,5.11088,
1.2412,1.87031,5.076,
0.378012,-2.19124,5.1109,
1.24122,1.87032,5.07598,
0.378015,-2.19124,5.11089,
1.2412,1.87031,5.076,
0.378009,-2.19124,5.1109,
1.2412,1.87032,5.076,
0.377998,-2.19124,5.1109,
1.24124,1.87032,5.07597,
0.37803,-2.19125,5.11088,
1.2412,1.87031,5.076,
0.378012,-2.19124,5.1109,
1.24122,1.87032,5.07598,
0.378015,-2.19124,5.11089,
1.2412,1.87031,5.076,
0.378009,-2.19124,5.1109,
1.2412,1.87032,5.076,
0.377998,-2.19124,5.1109,
1.24124,1.87032,5.07597,
0.37803,-2.19125,5.11088,
1.2412,1.87031,5.076,
0.378012,-2.19124,5.1109,
1.24122,1.87032,5.07598,
0.378015,-2.19124,5.11089,
1.2412,1.87031,5.076,
0.378009,-2.19124,5.1109,
1.2412,1.87032,5.076,
0.377998,-2.19124,5.1109,
1.24124,1.87032,5.07597,
0.37803,-2.19125,5.11088,
1.2412,1.87031,5.076,
0.378012,-2.19124,5.1109,
1.24122,1.87032,5.07598,
0.378015,-2.19124,5.11089,
1.2412,1.87031,5.076,
0.378009,-2.19124,5.1109,
1.2412,1.87032,5.076,
0.377998,-2.19124,5.1109,
1.24124,1.87032,5.07597,
0.37803,-2.19125,5.11088,
1.2412,1.87031,5.076,
0.378012,-2.19124,5.1109,
1.24122,1.87032,5.07598,
0.378015,-2.19124,5.11089,
1.2412,1.87031,5.076,
0.378009,-2.19124,5.1109,
1.2412,1.87032,5.076,
0.377998,-2.19124,5.1109,
1.24124,1.87032,5.07597,
0.37803,-2.19125,5.11088,
1.2412,1.87031,5.076,
0.378012,-2.19124,5.1109,
1.24122,1.87032,5.07598,
0.378015,-2.19124,5.11089,
1.2412,1.87031,5.076,
0.378009,-2.19124,5.1109,
1.2412,1.87032,5.076,
0.377998,-2.19124,5.1109,
1.24124,1.87032,5.07597,
0.37803,-2.19125,5.11088,
1.2412,1.87031,5.076,
0.378012,-2.19124,5.1109,
1.24122,1.87032,5.07598,
0.378015,-2.19124,5.11089,
1.2412,1.87031,5.076,
0.378009,-2.19124,5.1109,
1.2412,1.87032,5.076,
0.377998,-2.19124,5.1109,
1.24124,1.87032,5.07597,
0.37803,-2.19125,5.11088,
1.2412,1.87031,5.076,
0.378012,-2.19124,5.1109,
1.24122,1.87032,5.07598,
0.378015,-2.19124,5.11089,
1.2412,1.87031,5.076,
0.378009,-2.19124,5.1109,
1.2412,1.87032,5.076,
0.377998,-2.19124,5.1109,
1.24124,1.87032,5.07597,
0.37803,-2.19125,5.11088,
1.2412,1.87031,5.076,
0.378012,-2.19124,5.1109,
1.24122,1.87032,5.07598,
0.378015,-2.19124,5.11089,
1.2412,1.87031,5.076,
0.378009,-2.19124,5.1109,
1.2412,1.87032,5.076,
0.377998,-2.19124,5.1109,
1.24124,1.87032,5.07597,
0.37803,-2.19125,5.11088,
1.2412,1.87031,5.076,
0.378012,-2.19124,5.1109,
1.24122,1.87032,5.07598,
0.378015,-2.19124,5.11089,
1.2412,1.87031,5.076,
0.378009,-2.19124,5.1109,
1.24137,1.86975,5.07588,
0.378036,-2.19148,5.11087,
1.2413,1.8697,5.07589,
0.378026,-2.19203,5.11089,
1.24574,1.86536,5.07457,
0.382777,-2.19819,5.10994,
1.24688,1.86352,5.07427,
0.405314,-2.20246,5.10551,
1.27774,1.86153,5.06813,
0.336602,-2.10272,5.11028,
1.14162,1.90784,5.09823,
0.289099,-2.16277,5.13309,
1.17628,1.87174,5.0873,
0.304211,-2.1799,5.12743,
1.19232,1.86943,5.08643,
0.342997,-2.18582,5.11792,
1.20348,1.87135,5.08385,
0.368247,-2.18828,5.11331,
1.23983,1.87053,5.07641,
0.380073,-2.18514,5.10997,
1.266,1.87346,5.07254,
0.416878,-2.1936,5.10238,
1.28109,1.873,5.0685,
0.333338,-2.09829,5.1118,
1.14289,1.90661,5.09722,
0.284382,-2.16435,5.13442,
1.17331,1.86864,5.08746,
0.300369,-2.18254,5.12827,
1.19021,1.86562,5.08659,
0.343115,-2.18431,5.11735,
1.20189,1.86974,5.08403,
0.342483,-2.18858,5.1184,
1.22625,1.8658,5.07961,
0.377076,-2.19554,5.11061,
1.26075,1.86645,5.07321,
0.413684,-2.19931,5.10269,
1.27517,1.86793,5.06944,
0.331191,-2.09896,5.11169,
1.13879,1.90212,5.09768,
0.263439,-2.16265,5.13817,
1.14351,1.86425,5.09295,
0.287196,-2.18717,5.13156,
1.16058,1.85776,5.09073,
0.300549,-2.19244,5.12715,
1.18853,1.85784,5.08712,
0.348122,-2.19887,5.11624,
1.22737,1.85874,5.07939,
0.383163,-2.20366,5.10891,
1.24186,1.85967,5.07548,
0.400378,-2.20498,5.10606,
1.26635,1.86549,5.07126,
0.40729,-2.20387,5.10463,
1.27125,1.86039,5.0692,
0.327341,-2.10796,5.11265,
1.13658,1.89218,5.09724,
0.261068,-2.17829,5.13887,
1.16253,1.85213,5.08944,
0.304241,-2.19995,5.12664,
1.16646,1.85061,5.08943,
0.334346,-2.20424,5.12012,
1.20011,1.85699,5.08391,
0.346075,-2.20394,5.11727,
1.22875,1.85254,5.07837,
0.383331,-2.21,5.10885,
1.24183,1.85368,5.07504,
0.401226,-2.21141,5.10575,
1.26799,1.8535,5.06969,
0.408646,-2.21271,5.10395,
1.14631,1.97149,5.10639,
0.268182,-2.13263,5.1395,
1.15489,1.88725,5.09092,
0.263696,-2.16544,5.13788,
1.16188,1.87269,5.09192,
0.30735,-2.17706,5.12592,
1.19087,1.87512,5.08766,
0.344688,-2.18003,5.11743,
1.20456,1.87737,5.08415,
0.362878,-2.18088,5.11443,
1.23229,1.8774,5.07843,
0.370517,-2.1823,5.11258,
1.25191,1.87808,5.07535,
0.398679,-2.18508,5.10634,
1.2606,1.88541,5.07391,
0.398196,-2.182,5.10704,
1.16952,1.96134,5.09553,
0.259493,-2.13045,5.14328,
1.18494,1.88331,5.08508,
0.304862,-2.16892,5.12842,
1.18016,1.87781,5.08791,
0.331935,-2.17461,5.12143,
1.20312,1.87921,5.08423,
0.341829,-2.17596,5.1187,
1.22692,1.87836,5.08044,
0.377606,-2.17663,5.11035,
1.23955,1.88136,5.07731,
0.402258,-2.18334,5.10657,
1.2787,1.87902,5.06921,
0.414119,-2.18637,5.10358,
1.16275,1.97446,5.1015,
0.272519,-2.13183,5.1399,
1.19267,1.87894,5.08286,
0.308748,-2.17604,5.12781,
1.18544,1.87025,5.0861,
0.344173,-2.18465,5.11891,
1.2169,1.87654,5.08169,
0.357803,-2.1848,5.11535,
1.22194,1.87215,5.0798,
0.375381,-2.189,5.11194,
1.24625,1.87075,5.07501,
0.408122,-2.19347,5.10499,
1.28212,1.87103,5.06808,
0.419531,-2.19541,5.10215,
1.24693,1.65631,5.03845,
0.269322,-2.26966,5.12851,
1.10223,1.83856,5.10953,
0.314781,-2.20243,5.11928,
1.14008,1.86869,5.09922,
0.302737,-2.18656,5.12567,
1.06772,2.18575,5.15758,
0.297888,-2.05144,5.14165,
1.24417,1.89574,5.06728,
0.319287,-2.17003,5.13083,
1.2362,1.86401,5.07314,
0.376791,-2.19368,5.11291,
1.25887,1.86536,5.07172,
0.394944,-2.19713,5.10732,
1.28103,1.86663,5.06891,
0.43181,-2.1958,5.0986,
1.29367,1.87045,5.06587,
0.430122,-2.1996,5.09998,
1.27079,1.65508,5.03434,
0.303352,-2.26298,5.12008,
1.1062,1.85609,5.1096,
0.326552,-2.18475,5.11737,
1.16192,1.88126,5.09522,
0.320491,-2.17185,5.12212,
1.09307,2.20443,5.15453,
0.324953,-2.03008,5.13625,
1.2734,1.91721,5.06351,
0.343881,-2.1522,5.1265,
1.26658,1.88325,5.06837,
0.375902,-2.17488,5.11338,
1.27548,1.88374,5.07064,
0.41883,-2.18069,5.10242,
1.28626,1.88619,5.0684,
0.284889,-2.37682,5.14548,
1.16018,1.79579,5.08795,
0.321685,-2.20538,5.1163,
1.13389,1.87969,5.10262,
0.306803,-2.16789,5.12383,
1.15262,1.88784,5.09617,
0.299162,-2.16196,5.1275,
1.15806,1.88761,5.09402,
0.296853,-2.16209,5.12849,
1.15895,1.88637,5.09354,
0.296591,-2.16255,5.12857,
1.15882,1.88619,5.09357,
0.296628,-2.16263,5.12854,
1.15872,1.88618,5.09359,
0.296661,-2.1628,5.12853,
1.15875,1.88597,5.09356,
0.296685,-2.16289,5.12852,
1.16015,1.88373,5.09304,
0.297749,-2.16603,5.12833,
1.16024,1.88271,5.09298,
0.310401,-2.17283,5.12615,
1.1804,1.87521,5.08816,
0.318503,-2.17261,5.12338,
1.19595,1.87692,5.08623,
0.343455,-2.17983,5.11813,
1.20577,1.87625,5.08359,
0.349068,-2.17814,5.11697,
1.21178,1.88002,5.08278,
0.35029,-2.17684,5.11688,
1.21307,1.88054,5.08238,
0.349865,-2.17649,5.11707,
1.21336,1.88055,5.08227,
0.349705,-2.17645,5.11713,
1.21338,1.88054,5.08225,
0.349692,-2.17645,5.11713,
1.21342,1.88053,5.08222,
0.349667,-2.17644,5.11716,
1.21334,1.88054,5.08227,
0.349655,-2.17645,5.11715,
1.21344,1.88053,5.08221,
0.349669,-2.17646,5.11714,
1.21342,1.88054,5.08222,
0.349656,-2.17644,5.11716,
1.21338,1.88053,5.08225,
0.349656,-2.17644,5.11716,
1.21342,1.88054,5.08222,
0.349689,-2.17647,5.11713,
1.21342,1.88054,5.08222,
0.349689,-2.17647,5.11713,
1.21342,1.88054,5.08222,
0.349689,-2.17647,5.11713,
1.21342,1.88054,5.08222,
0.349689,-2.17647,5.11713,
1.21342,1.88054,5.08222,
0.349689,-2.17647,5.11713,
1.21342,1.88054,5.08222,
0.349689,-2.17647,5.11713,
1.21342,1.88054,5.08222,
0.349689,-2.17647,5.11713,
1.21342,1.88054,5.08222,
0.349689,-2.17647,5.11713,
1.21342,1.88054,5.08222,
0.349689,-2.17647,5.11713,
1.21342,1.88054,5.08222,
0.349689,-2.17647,5.11713,
1.21342,1.88054,5.08222,
0.349689,-2.17647,5.11713,
1.21342,1.88054,5.08222,
0.349689,-2.17647,5.11713,
1.21342,1.88054,5.08222,
0.349689,-2.17647,5.11713,
1.21342,1.88054,5.08222,
0.349689,-2.17647,5.11713,
1.21342,1.88054,5.08222,
0.349689,-2.17647,5.11713,
1.21342,1.88054,5.08222,
0.349689,-2.17647,5.11713,
1.21342,1.88054,5.08222,
0.349689,-2.17647,5.11713,
1.21342,1.88054,5.08222,
0.349689,-2.17647,5.11713,
1.21342,1.88054,5.08222,
0.349689,-2.17647,5.11713,
1.21342,1.88054,5.08222,
0.349689,-2.17647,5.11713,
1.21342,1.88054,5.08222,
0.349689,-2.17647,5.11713,
1.21342,1.88054,5.08222,
0.349689,-2.17647,5.11713,
1.21342,1.88054,5.08222,
0.349689,-2.17647,5.11713,
1.21342,1.88054,5.08222,
0.349689,-2.17647,5.11713,
1.21342,1.88054,5.08222,
0.349689,-2.17647,5.11713,
1.21342,1.88054,5.08222,
0.349689,-2.17647,5.11713,
1.21342,1.88054,5.08222,
0.349689,-2.17647,5.11713,
1.21342,1.88054,5.08222,
0.349689,-2.17647,5.11713,
1.21342,1.88054,5.08222,
0.349689,-2.17647,5.11713,
1.21342,1.88054,5.08222,
0.349689,-2.17647,5.11713,
1.21342,1.88054,5.08222,
0.349689,-2.17647,5.11713,
1.21342,1.88054,5.08222,
0.349689,-2.17647,5.11713,
1.21342,1.88054,5.08222,
0.349689,-2.17647,5.11713,
1.21342,1.88054,5.08222,
0.349689,-2.17647,5.11713,
1.21342,1.88054,5.08222,
0.349689,-2.17647,5.11713,
1.21342,1.88054,5.08222,
0.349689,-2.17647,5.11713,
1.21342,1.88054,5.08222,
0.349689,-2.17647,5.11713,
1.21342,1.88054,5.08222,
0.349689,-2.17647,5.11713,
1.21342,1.88054,5.08222,
0.349689,-2.17647,5.11713,
1.21342,1.88054,5.08222,
0.349689,-2.17647,5.11713,
1.21342,1.88054,5.08222,
0.349689,-2.17647,5.11713,
1.21342,1.88054,5.08222,
0.349689,-2.17647,5.11713,
1.21342,1.88054,5.08222,
0.349689,-2.17647,5.11713,
1.21342,1.88054,5.08222,
0.349689,-2.17647,5.11713,
1.21342,1.88054,5.08222,
0.349689,-2.17647,5.11713,
1.21342,1.88054,5.08222,
0.349689,-2.17647,5.11713,
1.21342,1.88054,5.08222,
0.349689,-2.17647,5.11713,
1.21342,1.88054,5.08222,
0.349689,-2.17647,5.11713,
1.21342,1.88054,5.08222,
0.349689,-2.17647,5.11713,
1.21342,1.88054,5.08222,
0.349689,-2.17647,5.11713,
1.21342,1.88054,5.08222,
0.349689,-2.17647,5.11713,
1.21342,1.88054,5.08222,
0.349689,-2.17647,5.11713,
1.21342,1.88054,5.08222,
0.349689,-2.17647,5.11713,
1.21342,1.88054,5.08222,
0.349689,-2.17647,5.11713,
1.21342,1.88054,5.08222,
0.349689,-2.17647,5.11713,
1.21342,1.88054,5.08222,
0.349689,-2.17647,5.11713,
1.21342,1.88054,5.08222,
0.349689,-2.17647,5.11713,
1.21342,1.88054,5.08222,
0.349689,-2.17647,5.11713,
1.21342,1.88054,5.08222,
0.349689,-2.17647,5.11713,
1.21342,1.88054,5.08222,
0.349689,-2.17647,5.11713,
1.21342,1.88054,5.08222,
0.349689,-2.17647,5.11713,
1.21342,1.88054,5.08222,
0.349689,-2.17647,5.11713,
1.21342,1.88054,5.08222,
0.349689,-2.17647,5.11713,
1.21342,1.88054,5.08222,
0.349689,-2.17647,5.11713,
1.21342,1.88054,5.08222,
0.349689,-2.17647,5.11713,
1.21342,1.88054,5.08222,
0.349689,-2.17647,5.11713,
1.21342,1.88054,5.08222,
0.349689,-2.17647,5.11713,
1.21342,1.88054,5.08222,
0.349689,-2.17647,5.11713,
1.21342,1.88054,5.08222,
0.349689,-2.17647,5.11713,
1.21342,1.88054,5.08222,
0.349689,-2.17647,5.11713,
1.21342,1.88054,5.08222,
0.349689,-2.17647,5.11713,
1.21342,1.88054,5.08222,
0.349689,-2.17647,5.11713,
1.21342,1.88054,5.08222,
0.349689,-2.17647,5.11713,
1.21342,1.88054,5.08222,
0.349689,-2.17647,5.11713,
1.21342,1.88054,5.08222,
0.349689,-2.17647,5.11713,
1.21342,1.88054,5.08222,
0.349689,-2.17647,5.11713,
1.21342,1.88054,5.08222,
0.349689,-2.17647,5.11713,
1.21342,1.88054,5.08222,
0.349689,-2.17647,5.11713,
1.21342,1.88054,5.08222,
0.349689,-2.17647,5.11713,
1.21342,1.88054,5.08222,
0.349689,-2.17647,5.11713,
1.21342,1.88054,5.08222,
0.349689,-2.17647,5.11713,
1.21342,1.88054,5.08222,
0.349689,-2.17647,5.11713,
1.21342,1.88054,5.08222,
0.349689,-2.17647,5.11713,
1.21342,1.88054,5.08222,
0.349689,-2.17647,5.11713,
1.21342,1.88054,5.08222,
0.349689,-2.17647,5.11713,
1.21342,1.88054,5.08222,
0.349689,-2.17647,5.11713,
1.21342,1.88054,5.08222,
0.349689,-2.17647,5.11713,
1.21342,1.88054,5.08222,
0.349689,-2.17647,5.11713,
1.21342,1.88054,5.08222,
0.349689,-2.17647,5.11713,
1.21342,1.88054,5.08222,
0.349689,-2.17647,5.11713,
1.21342,1.88054,5.08222,
0.349689,-2.17647,5.11713,
1.21342,1.88054,5.08222,
0.349689,-2.17647,5.11713,
1.21342,1.88054,5.08222,
0.349689,-2.17647,5.11713,
1.21342,1.88054,5.08222,
0.349689,-2.17647,5.11713,
1.21342,1.88054,5.08222,
0.349689,-2.17647,5.11713,
1.21342,1.88054,5.08222,
0.349689,-2.17647,5.11713,
1.21342,1.88054,5.08222,
0.349689,-2.17647,5.11713,
1.21342,1.88054,5.08222,
0.349689,-2.17647,5.11713,
1.21342,1.88054,5.08222,
0.349689,-2.17647,5.11713,
1.21342,1.88054,5.08222,
0.349689,-2.17647,5.11713,
1.21342,1.88054,5.08222,
0.349689,-2.17647,5.11713,
1.21342,1.88054,5.08222,
0.349689,-2.17647,5.11713,
1.21342,1.88054,5.08222,
0.349689,-2.17647,5.11713,
1.21342,1.88054,5.08222,
0.349689,-2.17647,5.11713,
1.21342,1.88054,5.08222,
0.349689,-2.17647,5.11713,
1.21342,1.88054,5.08222,
0.349689,-2.17647,5.11713,
1.21342,1.88054,5.08222,
0.349689,-2.17647,5.11713,
1.21342,1.88054,5.08222,
0.349689,-2.17647,5.11713,
1.21342,1.88054,5.08222,
0.349689,-2.17647,5.11713,
1.21342,1.88054,5.08222,
0.349689,-2.17647,5.11713,
1.21342,1.88054,5.08222,
0.349689,-2.17647,5.11713,
1.21342,1.88054,5.08222,
0.349689,-2.17647,5.11713,
1.21342,1.88054,5.08222,
0.349689,-2.17647,5.11713,
1.21342,1.88054,5.08222,
0.349689,-2.17647,5.11713,
1.21342,1.88054,5.08222,
0.349689,-2.17647,5.11713,
1.21342,1.88054,5.08222,
0.349689,-2.17647,5.11713,
1.21342,1.88054,5.08222,
0.349689,-2.17647,5.11713,
1.21342,1.88054,5.08222,
0.349689,-2.17647,5.11713,
1.21342,1.88054,5.08222,
0.349689,-2.17647,5.11713,
1.21342,1.88054,5.08222,
0.349689,-2.17647,5.11713,
1.21342,1.88054,5.08222,
0.349689,-2.17647,5.11713,
1.21342,1.88054,5.08222,
0.349689,-2.17647,5.11713,
1.21342,1.88054,5.08222,
0.349689,-2.17647,5.11713,
1.21327,1.88051,5.08228,
0.349904,-2.17658,5.11703,
1.21312,1.88053,5.08234,
0.358198,-2.17889,5.11497,
1.22198,1.87986,5.08072,
0.361797,-2.17989,5.11396,
1.22645,1.8798,5.0803,
0.369272,-2.18039,5.11248,
1.23009,1.88003,5.07929,
0.368558,-2.17981,5.11297,
1.23176,1.88006,5.07863,
0.367698,-2.17959,5.11333,
1.23204,1.87994,5.0785,
0.36756,-2.17962,5.11337,
1.23205,1.87991,5.07848,
0.367528,-2.17964,5.11337,
1.23209,1.87991,5.07846,
0.367558,-2.17965,5.11337,
1.23208,1.87991,5.07845,
0.367547,-2.17964,5.11336,
1.23206,1.8799,5.07848,
0.367539,-2.17964,5.11338,
1.23208,1.87991,5.07845,
0.367543,-2.17964,5.11338,
1.23204,1.8799,5.07849,
0.367529,-2.17964,5.11337,
1.2321,1.87991,5.07844,
0.36756,-2.17964,5.11336,
1.2321,1.87991,5.07844,
0.367526,-2.17963,5.11338,
1.2321,1.87991,5.07844,
0.367539,-2.17964,5.11338,
1.23208,1.87991,5.07845,
0.367528,-2.17964,5.11337,
1.23206,1.87991,5.07848,
0.367872,-2.17988,5.1132,
1.23135,1.87987,5.07876,
0.368252,-2.17999,5.11304,
1.23789,1.87805,5.07812,
0.383843,-2.18495,5.10886,
1.24265,1.8787,5.07678,
0.383276,-2.18461,5.10922,
1.24737,1.87766,5.07607,
0.390355,-2.186,5.1079,
1.25184,1.87772,5.07467,
0.388812,-2.1852,5.10873,
1.25326,1.87748,5.07411,
0.388368,-2.18518,5.10891,
1.25342,1.87736,5.07403,
0.388273,-2.1852,5.10895,
1.25338,1.87735,5.07405,
0.388266,-2.18521,5.10896,
1.25337,1.87735,5.07405,
0.388271,-2.18522,5.10894,
1.25339,1.87735,5.07404,
0.388267,-2.18522,5.10894,
1.25339,1.87735,5.07404,
0.388266,-2.18522,5.10896,
1.25338,1.87736,5.07403,
0.388253,-2.18521,5.10897,
1.25336,1.87735,5.07405,
0.388271,-2.18522,5.10895,
1.25336,1.87735,5.07405,
0.388271,-2.18522,5.10895,
1.25336,1.87735,5.07405,
0.388271,-2.18522,5.10895,
1.25336,1.87735,5.07405,
0.388271,-2.18522,5.10895,
1.2528,1.87909,5.07442,
0.388453,-2.18291,5.10884,
1.24911,1.88258,5.07535,
0.383136,-2.17837,5.11006,
1.24793,1.88367,5.07563,
0.371747,-2.17748,5.11246,
1.23361,1.88256,5.07822,
0.367024,-2.17709,5.11361,
1.23261,1.88131,5.07833,
0.363574,-2.17736,5.11422,
1.22708,1.88184,5.07957,
0.362179,-2.17693,5.11456,
1.22679,1.88177,5.07963,
0.362124,-2.17693,5.11456,
1.22677,1.88176,5.07964,
0.362172,-2.17693,5.11454,
1.22676,1.88176,5.07966,
0.362158,-2.17692,5.11455,
1.2268,1.88176,5.07963,
0.362156,-2.17692,5.11455,
1.22676,1.88175,5.07966,
0.362138,-2.17691,5.11458,
1.22673,1.88176,5.07967,
0.36216,-2.17692,5.11456,
1.22673,1.88176,5.07967,
0.362144,-2.17691,5.11458,
1.22674,1.88177,5.07965,
0.362183,-2.17694,5.11455,
1.22675,1.88177,5.07965,
0.362185,-2.17694,5.11455,
1.22679,1.88177,5.07963,
0.362148,-2.17693,5.11456,
1.22676,1.88176,5.07966,
0.362177,-2.17693,5.11454,
1.22676,1.88176,5.07966,
0.362158,-2.17692,5.11456,
1.22673,1.88176,5.07967,
0.362145,-2.17693,5.11456,
1.2268,1.88177,5.07963,
0.362177,-2.17693,5.11454,
1.22676,1.88176,5.07966,
0.362159,-2.17692,5.11455,
1.22676,1.88175,5.07966,
0.362139,-2.17691,5.11458,
1.22673,1.88176,5.07967,
0.36216,-2.17692,5.11456,
1.22673,1.88176,5.07967,
0.362144,-2.17691,5.11458,
1.22674,1.88177,5.07965,
0.362183,-2.17694,5.11455,
1.22675,1.88177,5.07965,
0.362185,-2.17694,5.11455,
1.22768,1.88173,5.07952,
0.363666,-2.17714,5.1142,
1.23138,1.88236,5.079,
0.369035,-2.17697,5.113,
1.23005,1.88295,5.07896,
0.36714,-2.17637,5.11364,
1.23123,1.8983,5.08118,
0.373906,-2.15642,5.1116,
1.23533,1.90614,5.08029,
0.242135,-2.18748,5.14197,
1.19894,1.83382,5.08364,
0.377698,-2.2307,5.10985,
1.23394,1.84569,5.07717,
0.386723,-2.21417,5.10746,
1.23109,1.85284,5.0771,
0.379366,-2.2099,5.11016,
1.23547,1.87216,5.07887,
0.384713,-2.1845,5.10828,
1.15115,1.8332,5.08315,
0.322243,-2.23429,5.12829,
1.23625,1.8056,5.06988,
0.379431,-2.24298,5.10937,
1.23579,1.82716,5.075,
0.387219,-2.23624,5.10746,
1.23325,1.84979,5.07807,
0.387779,-2.20868,5.10697,
1.23782,1.85944,5.07678,
0.385963,-2.19,5.10745,
1.23701,1.88059,5.07879,
0.384695,-2.16198,5.10765,
1.23483,1.91035,5.08181,
0.377671,-2.14823,5.11125,
1.23431,1.91292,5.08041,
0.239232,-2.18079,5.14325,
1.20222,1.83851,5.08312,
0.379218,-2.22576,5.10969,
1.23658,1.85121,5.07705,
0.388422,-2.20833,5.10721,
1.24153,1.8585,5.0758,
0.388063,-2.18631,5.1067,
1.2375,1.8868,5.07947,
0.374534,-2.17286,5.11107,
1.1654,1.85561,5.08396,
0.331945,-2.20791,5.1252,
1.23749,1.85515,5.07547,
0.381529,-2.19966,5.10932,
1.24014,1.86627,5.0765,
0.384409,-2.17699,5.10765,
1.22629,1.89568,5.08195,
0.374701,-2.16308,5.11179,
1.24025,1.8977,5.07844,
0.243112,-2.20101,5.14191,
1.20057,1.81875,5.08196,
0.378797,-2.24694,5.10957,
1.23361,1.83126,5.07635,
0.389006,-2.22922,5.10661,
1.23079,1.86236,5.08003,
0.387865,-2.19427,5.10686,
1.22946,1.87436,5.07929,
0.376981,-2.18705,5.11104,
1.2362,1.88924,5.07958,
0.379637,-2.16719,5.11014,
1.23958,1.89651,5.07874,
0.245059,-2.19707,5.14093,
1.1983,1.82598,5.08336,
0.378971,-2.23914,5.10942,
1.2328,1.8379,5.07691,
0.38662,-2.2224,5.1073,
1.22953,1.845,5.07691,
0.379315,-2.21817,5.10999,
1.23473,1.85913,5.07771,
0.382966,-2.19954,5.10865,
1.23091,1.8903,5.08184,
0.382862,-2.1639,5.10867,
1.23752,1.90243,5.08,
0.241986,-2.19609,5.14191,
1.19742,1.82386,5.08306,
0.376,-2.24142,5.11016,
1.2306,1.84008,5.07785,
0.379018,-2.21777,5.10849,
1.2323,1.84946,5.07757,
0.383137,-2.21401,5.10873,
1.23046,1.86968,5.07972,
0.379292,-2.1868,5.10934,
1.23326,1.87885,5.07893,
0.376504,-2.16881,5.11004,
1.23105,1.89909,5.08118,
0.248211,-2.19822,5.14044,
1.19694,1.82372,5.08295,
0.375607,-2.22323,5.10886,
1.22534,1.84751,5.07923,
0.379621,-2.21439,5.10917,
1.22691,1.86953,5.0807,
0.378531,-2.18678,5.10937,
1.23164,1.8789,5.07932,
0.375279,-2.1638,5.1099,
1.22659,1.90633,5.08294,
0.24535,-2.19113,5.14116,
1.19538,1.82971,5.08368,
0.374846,-2.21624,5.10911,
1.22539,1.8543,5.07969,
0.378709,-2.2071,5.10948,
1.22706,1.87637,5.08113,
0.377422,-2.17941,5.10979,
1.23184,1.88574,5.07972,
0.704254,-2.24085,5.05107,
1.41463,1.83717,5.02402,
0.366824,-2.22426,5.11989,
0.852167,1.84832,5.12893,
0.167484,-2.16942,5.17222,
1.20812,1.85363,5.08015,
0.357301,-2.18724,5.11428,
1.22425,1.87777,5.08134,
0.374156,-2.1809,5.11111,
1.55644,1.83619,5.02415,
0.526212,-2.25633,5.06931,
1.24557,1.84091,5.07409,
0.380852,-2.23177,5.10957,
1.22917,1.85009,5.07818,
0.378243,-2.20806,5.10936,
1.22523,1.87706,5.08176,
-0.0550811,-2.13311,5.19373,
1.01287,1.87497,5.14228,
0.379583,-2.16398,5.10222,
1.20644,1.91092,5.09077,
0.377229,-2.1496,5.10995,
1.53576,1.85256,5.02775,
0.50103,-2.24141,5.07634,
1.25212,1.84705,5.07297,
0.381444,-2.22474,5.10955,
1.23072,1.85172,5.07751,
0.375397,-2.20747,5.11034,
1.23024,1.85723,5.07772,
0.376549,-2.18728,5.10928,
1.22548,1.88374,5.08147,
0.24799,-2.20934,5.13951,
1.1908,1.81629,5.08429,
0.363677,-2.24772,5.11229,
1.22455,1.81356,5.0763,
0.381615,-2.23749,5.10747,
1.22537,1.83439,5.0781,
0.381805,-2.21078,5.10711,
1.22351,1.86332,5.08083,
0.375359,-2.19759,5.11035,
1.22514,1.8852,5.08219,
0.374634,-2.16979,5.11062,
1.23058,1.89452,5.08061,
0.239864,-2.20394,5.14231,
1.19568,1.81586,5.08289,
0.375966,-2.24966,5.11007,
1.22827,1.83221,5.0778,
0.385984,-2.22667,5.10703,
1.2266,1.86128,5.08061,
0.383196,-2.1959,5.10802,
1.23321,1.87121,5.07855,
0.367673,-2.18947,5.11251,
1.2274,1.88568,5.08137,
0.375301,-2.17071,5.11082,
1.23451,1.89261,5.07952,
0.244827,-2.20172,5.14091,
1.19665,1.82118,5.08326,
0.379285,-2.23091,5.10822,
1.22277,1.83867,5.07851,
0.380307,-2.22407,5.10926,
1.23696,1.83997,5.07514,
0.385253,-2.20602,5.10703,
1.23171,1.86716,5.07915,
0.380443,-2.19408,5.10948,
1.2313,1.88913,5.08111,
0.378901,-2.16617,5.10988,
1.23595,1.89849,5.07979,
0.241722,-2.2043,5.14233,
1.19246,1.81373,5.08266,
0.373832,-2.25181,5.11095,
1.23714,1.80942,5.07291,
0.391515,-2.23429,5.10484,
1.23187,1.84309,5.07791,
0.390015,-2.20158,5.10519,
1.23078,1.87425,5.08031,
0.381731,-2.18703,5.10921,
1.23405,1.89097,5.0804,
0.378853,-2.16587,5.11024,
1.23831,1.89763,5.07907,
0.243903,-2.19521,5.14115,
1.19767,1.82783,5.08368,
0.378769,-2.23711,5.10946,
1.23339,1.84052,5.07706,
0.387754,-2.2196,5.10707,
1.23862,1.84774,5.07567,
0.387134,-2.19878,5.1067,
1.23428,1.87423,5.07917,
0.385762,-2.16919,5.10716,
1.23457,1.90361,5.08141,
0.378925,-2.1556,5.11076,
1.23424,1.90612,5.07993,
0.271481,-2.18919,5.13655,
1.22089,1.8358,5.0783,
0.387297,-2.22971,5.10828,
1.2402,1.85225,5.07631,
0.390031,-2.2064,5.10677,
1.24227,1.86135,5.0759,
0.381015,-2.20136,5.10957,
1.23642,1.8703,5.07777,
0.379532,-2.18935,5.10996,
1.23708,1.87294,5.07718,
0.374311,-2.1885,5.11169,
1.23736,1.87233,5.07688,
0.373892,-2.18863,5.11182,
1.23728,1.8722,5.07691,
0.373892,-2.18868,5.11181,
1.23723,1.87221,5.07692,
0.373892,-2.18869,5.11182,
1.23725,1.8722,5.0769,
0.373878,-2.18869,5.11182,
1.23728,1.8722,5.07689,
0.373911,-2.18869,5.1118,
1.23728,1.8722,5.07689,
0.373894,-2.18868,5.11181,
1.23724,1.87219,5.07692,
0.373892,-2.18868,5.11181,
1.23725,1.8722,5.0769,
0.373914,-2.18869,5.1118,
1.2373,1.8722,5.07688,
0.373877,-2.18869,5.11182,
1.23728,1.8722,5.07688,
0.37391,-2.18869,5.11181,
1.23726,1.8722,5.0769,
0.373881,-2.18867,5.11183,
1.23722,1.87221,5.07692,
0.373881,-2.18869,5.11181,
1.2373,1.8722,5.07688,
0.373909,-2.18869,5.11181,
1.23726,1.8722,5.07689,
0.373882,-2.18869,5.11181,
1.23728,1.8722,5.07689,
0.373911,-2.18869,5.11181,
1.23722,1.87221,5.07692,
0.373899,-2.18869,5.1118,
1.23726,1.87219,5.07691,
0.373891,-2.1887,5.1118,
1.23728,1.8722,5.07688,
0.373911,-2.18869,5.1118,
1.23724,1.87219,5.07692,
0.373878,-2.18868,5.11182,
1.23724,1.8722,5.07692,
0.37391,-2.18869,5.11181,
1.23726,1.8722,5.0769,
0.373882,-2.18868,5.11182,
1.23728,1.8722,5.07689,
0.373895,-2.18869,5.11181,
1.23726,1.8722,5.0769,
0.373896,-2.18868,5.11183,
1.23722,1.8722,5.07693,
0.373899,-2.18868,5.11181,
1.23728,1.8722,5.07689,
0.373876,-2.18868,5.11182,
1.23724,1.8722,5.07692,
0.37391,-2.18869,5.11181,
1.2372,1.87221,5.07694,
0.373899,-2.18869,5.1118,
1.23728,1.87219,5.07689,
0.373891,-2.18868,5.11181,
1.23727,1.8722,5.07688,
0.373898,-2.1887,5.11181,
1.23728,1.8722,5.07689,
0.373912,-2.18869,5.11181,
1.23722,1.8722,5.07693,
0.373899,-2.18868,5.11181,
1.23724,1.87219,5.07692,
0.373876,-2.18868,5.11182,
1.23728,1.8722,5.07689,
0.373893,-2.18868,5.11183,
1.2372,1.87221,5.07694,
0.373899,-2.18869,5.1118,
1.23728,1.87219,5.07689,
0.373891,-2.18868,5.11181,
1.23727,1.8722,5.07688,
0.373898,-2.1887,5.11181,
1.23728,1.8722,5.07689,
0.373912,-2.18869,5.11181,
1.23722,1.8722,5.07693,
0.373899,-2.18868,5.11181,
1.23724,1.87219,5.07692,
0.373876,-2.18868,5.11182,
1.23728,1.8722,5.07689,
0.373893,-2.18868,5.11183,
1.2372,1.87221,5.07694,
0.373899,-2.18869,5.1118,
1.23728,1.87219,5.07689,
0.373891,-2.18868,5.11181,
1.23727,1.8722,5.07688,
0.373898,-2.1887,5.11181,
1.23728,1.8722,5.07689,
0.373912,-2.18869,5.11181,
1.23722,1.8722,5.07693,
0.373899,-2.18868,5.11181,
1.23724,1.87219,5.07692,
0.373876,-2.18868,5.11182,
1.23728,1.8722,5.07689,
0.373893,-2.18868,5.11183,
1.2372,1.87221,5.07694,
0.373899,-2.18869,5.1118,
1.23728,1.87219,5.07689,
0.373891,-2.18868,5.11181,
1.23727,1.8722,5.07688,
0.373898,-2.1887,5.11181,
1.23728,1.8722,5.07689,
0.373912,-2.18869,5.11181,
1.23722,1.8722,5.07693,
0.373899,-2.18868,5.11181,
1.23724,1.87219,5.07692,
0.373876,-2.18868,5.11182,
1.23728,1.8722,5.07689,
0.373893,-2.18868,5.11183,
1.2372,1.87221,5.07694,
0.373899,-2.18869,5.1118,
1.23728,1.87219,5.07689,
0.373891,-2.18868,5.11181,
1.23727,1.8722,5.07688,
0.373898,-2.1887,5.11181,
1.23728,1.8722,5.07689,
0.373912,-2.18869,5.11181,
1.23722,1.8722,5.07693,
0.373899,-2.18868,5.11181,
1.23724,1.87219,5.07692,
0.373876,-2.18868,5.11182,
1.23728,1.8722,5.07689,
0.373893,-2.18868,5.11183,
1.2372,1.87221,5.07694,
0.373899,-2.18869,5.1118,
1.23728,1.87219,5.07689,
0.373891,-2.18868,5.11181,
1.23727,1.8722,5.07688,
0.373898,-2.1887,5.11181,
1.23728,1.8722,5.07689,
0.373912,-2.18869,5.11181,
1.23722,1.8722,5.07693,
0.373899,-2.18868,5.11181,
1.23724,1.87219,5.07692,
0.373876,-2.18868,5.11182,
1.23728,1.8722,5.07689,
0.373893,-2.18868,5.11183,
1.2372,1.87221,5.07694,
0.373899,-2.18869,5.1118,
1.23728,1.87219,5.07689,
0.373891,-2.18868,5.11181,
1.23727,1.8722,5.07688,
0.373898,-2.1887,5.11181,
1.23728,1.8722,5.07689,
0.373912,-2.18869,5.11181,
1.23722,1.8722,5.07693,
0.373899,-2.18868,5.11181,
1.23724,1.87219,5.07692,
0.373876,-2.18868,5.11182,
1.23728,1.8722,5.07689,
0.373893,-2.18868,5.11183,
1.2372,1.87221,5.07694,
0.373899,-2.18869,5.1118,
1.23728,1.87219,5.07689,
0.373891,-2.18868,5.11181,
1.23727,1.8722,5.07688,
0.373898,-2.1887,5.11181,
1.23728,1.8722,5.07689,
0.373912,-2.18869,5.11181,
1.23722,1.8722,5.07693,
0.373899,-2.18868,5.11181,
1.23724,1.87219,5.07692,
0.373876,-2.18868,5.11182,
1.23728,1.8722,5.07689,
0.373893,-2.18868,5.11183,
1.2372,1.87221,5.07694,
0.373899,-2.18869,5.1118,
1.23728,1.87219,5.07689,
0.373891,-2.18868,5.11181,
1.23727,1.8722,5.07688,
0.373898,-2.1887,5.11181,
1.23728,1.8722,5.07689,
0.373912,-2.18869,5.11181,
1.23722,1.8722,5.07693,
0.373899,-2.18868,5.11181,
1.23724,1.87219,5.07692,
0.373876,-2.18868,5.11182,
1.23728,1.8722,5.07689,
0.373893,-2.18868,5.11183,
1.2372,1.87221,5.07694,
0.373899,-2.18869,5.1118,
1.23728,1.87219,5.07689,
0.373891,-2.18868,5.11181,
1.23727,1.8722,5.07688,
0.373898,-2.1887,5.11181,
1.23728,1.8722,5.07689,
0.373912,-2.18869,5.11181,
1.23722,1.8722,5.07693,
0.373899,-2.18868,5.11181,
1.23724,1.87219,5.07692,
0.373876,-2.18868,5.11182,
1.23728,1.8722,5.07689,
0.373893,-2.18868,5.11183,
1.2372,1.87221,5.07694,
0.373899,-2.18869,5.1118,
1.23728,1.87219,5.07689,
0.373891,-2.18868,5.11181,
1.23727,1.8722,5.07688,
0.373898,-2.1887,5.11181,
1.23728,1.8722,5.07689,
0.373912,-2.18869,5.11181,
1.23722,1.8722,5.07693,
0.373899,-2.18868,5.11181,
1.23724,1.87219,5.07692,
0.373876,-2.18868,5.11182,
1.23728,1.8722,5.07689,
0.373893,-2.18868,5.11183,
1.23706,1.87273,5.07703,
0.373949,-2.18799,5.11178,
1.23718,1.87297,5.077,
0.37403,-2.18673,5.1117,
1.23683,1.87468,5.07726,
0.359326,-2.18253,5.1145,
1.21542,1.87789,5.08177,
0.351937,-2.17984,5.11656,
1.19772,1.87823,5.08439,
0.324613,-2.17594,5.12272,
1.18793,1.87724,5.08689,
0.323417,-2.18173,5.12311,
1.16383,1.87468,5.09055,
0.288394,-2.17317,5.13036,
1.26451,1.77132,5.06096,
0.423191,-2.2377,5.09648,
1.25677,1.86101,5.07647,
0.407707,-2.20123,5.10167,
1.24665,1.87101,5.07616,
0.365694,-2.19168,5.11261,
1.2175,1.86337,5.0798,
0.352451,-2.19206,5.11603,
1.21232,1.86766,5.08174,
0.334776,-2.18853,5.11953,
1.18807,1.86811,5.08645,
0.326521,-2.18674,5.12171,
1.16326,1.86802,5.09026,
0.289267,-2.18172,5.13006,
1.26701,1.76332,5.06003,
0.426957,-2.25203,5.096,
1.26046,1.85121,5.07521,
0.409358,-2.2107,5.10083,
1.24364,1.86313,5.07635,
0.389276,-2.20172,5.10774,
1.22378,1.86292,5.078,
0.349175,-2.19625,5.11718,
1.21075,1.8612,5.08118,
0.32402,-2.19486,5.12174,
1.17463,1.86032,5.08846,
0.289194,-2.19085,5.12902,
1.13892,1.85335,5.09478,
0.278455,-2.19146,5.13148,
1.13319,1.85794,5.09705,
0.404474,-1.99689,5.09074,
1.25422,1.94139,5.07809,
0.379171,-2.16796,5.11747,
1.37809,1.53183,4.99537,
0.386435,-2.33682,5.10047,
1.17241,1.82197,5.09769,
0.403618,-2.23343,5.09852,
1.1988,1.85456,5.08642,
0.356481,-2.20553,5.11354,
1.18057,1.85674,5.08668,
0.311735,-2.19782,5.12477,
1.16897,1.85462,5.08921,
0.285916,-2.19581,5.12958,
1.13272,1.85424,5.09662,
0.275134,-2.19373,5.13228,
1.16957,2.06983,5.12122,
0.393376,-2.1152,5.11564,
1.31409,1.88877,5.05713,
0.372035,-2.1805,5.11622,
1.25594,1.86964,5.07065,
0.373433,-2.19079,5.11294,
1.22667,1.86919,5.07746,
0.350397,-2.1886,5.11723,
1.21468,1.86876,5.08091,
0.325959,-2.18648,5.12147,
1.28184,1.54107,5.02133,
0.313551,-2.31923,5.11306,
1.07149,1.83416,5.12022,
0.311069,-2.20731,5.11802,
1.11998,1.86608,5.10391,
0.422938,-1.97175,5.08393,
1.25192,1.97441,5.08256,
0.355811,-2.13096,5.1225,
1.26055,1.89663,5.07015,
0.360789,-2.16384,5.11757,
1.22138,1.89031,5.07915,
0.334033,-2.16366,5.12171,
1.2039,1.88967,5.08433,
0.3348,-2.16988,5.12115,
1.1849,1.88878,5.08767,
0.310679,-2.16096,5.12585,
1.15063,1.89141,5.09437,
0.272924,-2.15413,5.1342,
1.24067,1.56339,5.03096,
0.426678,-2.08294,5.07203,
1.18042,1.95937,5.1046,
0.374124,-2.13264,5.11179,
1.23747,1.91496,5.07953,
0.360837,-2.15175,5.11689,
1.23675,1.90556,5.07893,
0.339714,-2.14825,5.11975,
1.19947,1.90719,5.08673,
0.329022,-2.14574,5.12242,
1.1742,1.90774,5.09083,
0.292952,-2.14046,5.13054,
1.14308,1.90681,5.097,
0.264749,-2.13644,5.13645,
1.13101,1.90627,5.10033,
0.264022,-2.14209,5.13661,
1.25211,1.79245,5.0647,
0.405717,-2.20813,5.10009,
1.23876,1.88949,5.08225,
0.389896,-2.1696,5.10613,
1.23396,1.89825,5.08052,
0.372968,-2.16226,5.11227,
1.21598,1.89718,5.0819,
0.335665,-2.15818,5.12111,
1.18157,1.89424,5.08802,
0.299377,-2.15576,5.12892,
1.16822,1.88618,5.09082,
0.300466,-2.15925,5.12781,
1.1407,1.89206,5.09664,
0.2655,-2.1522,5.13571,
1.12817,1.89132,5.0999,
0.353193,-2.26703,5.12659,
1.27962,1.83658,5.06577,
0.423574,-2.20607,5.09859,
1.24673,1.87535,5.07606,
0.382323,-2.18576,5.10955,
1.24098,1.87765,5.07676,
0.376611,-2.18922,5.11172,
1.21912,1.87562,5.07969,
0.342086,-2.17998,5.11895,
1.18937,1.87607,5.08572,
0.315662,-2.17688,5.12463,
1.17875,1.87496,5.08854,
0.292318,-2.17552,5.12884,
1.14411,1.87429,5.09556,
0.282177,-2.1738,5.13135,
1.26453,1.76454,5.06059,
0.423497,-2.24111,5.09592,
1.25298,1.85966,5.07742,
0.401866,-2.2026,5.10265,
1.23783,1.86925,5.0778,
0.357484,-2.19203,5.11423,
1.20622,1.86825,5.08289,
0.343552,-2.18966,5.1181,
1.1808,1.86784,5.08671,
0.305936,-2.18467,5.12654,
1.16879,1.86,5.08904,
0.306143,-2.18782,5.12582,
1.1415,1.8658,5.09473,
0.271087,-2.18085,5.13375,
1.25516,1.7639,5.06318,
0.420403,-2.2439,5.09648,
1.24908,1.85582,5.07792,
0.40693,-2.20849,5.10181,
1.24663,1.8629,5.07555,
0.389936,-2.20434,5.10788,
1.24959,1.85857,5.07349,
0.387519,-2.20546,5.10864,
1.2492,1.85781,5.07353,
0.38759,-2.20579,5.10858,
1.24899,1.85776,5.07358,
0.387648,-2.20583,5.10854,
1.24896,1.85776,5.0736,
0.3877,-2.20584,5.10853,
1.24889,1.85776,5.07364,
0.387676,-2.20583,5.10853,
1.24895,1.85777,5.0736,
0.387705,-2.20584,5.10851,
1.24892,1.85777,5.07361,
0.38771,-2.20584,5.10852,
1.2489,1.85776,5.07363,
0.387691,-2.20583,5.10853,
1.24889,1.85776,5.07364,
0.387674,-2.20583,5.10853,
1.24895,1.85777,5.0736,
0.387704,-2.20584,5.10852,
1.24889,1.85776,5.07364,
0.387675,-2.20583,5.10853,
1.24895,1.85777,5.0736,
0.387704,-2.20584,5.10852,
1.24892,1.85777,5.07361,
0.387692,-2.20583,5.10852,
1.24891,1.85777,5.07363,
0.387687,-2.20584,5.10852,
1.24893,1.85775,5.07362,
0.387667,-2.20584,5.10853,
1.24893,1.85776,5.07361,
0.387703,-2.20584,5.10852,
1.24892,1.85777,5.07361,
0.387691,-2.20583,5.10853,
1.24888,1.85776,5.07364,
0.387707,-2.20584,5.1085,
1.24891,1.85775,5.07363,
0.387669,-2.20583,5.10853,
1.24895,1.85777,5.0736,
0.387688,-2.20584,5.10852,
1.24891,1.85776,5.07363,
0.387691,-2.20583,5.10853,
1.24891,1.85776,5.07363,
0.387671,-2.20583,5.10853,
1.24895,1.85777,5.0736,
0.387688,-2.20584,5.10852,
1.24753,1.85978,5.07414,
0.38631,-2.20485,5.10889,
1.24749,1.85994,5.07411,
0.386433,-2.20292,5.10878,
1.23642,1.86295,5.07615,
0.369791,-2.19765,5.11248,
1.23089,1.8634,5.07753,
0.352244,-2.19701,5.11596,
1.2074,1.86147,5.08196,
0.34211,-2.19772,5.11839,
1.20215,1.85849,5.08282,
0.341344,-2.19873,5.11838,
1.20114,1.85794,5.08312,
0.34173,-2.19924,5.11821,
1.20091,1.85785,5.08323,
0.341886,-2.19931,5.11815,
1.20089,1.85785,5.08323,
0.341921,-2.19931,5.11814,
1.20087,1.85786,5.08325,
0.341895,-2.19928,5.11817,
1.20088,1.85786,5.08323,
0.341928,-2.1993,5.11814,
1.20085,1.85787,5.08325,
0.341951,-2.19931,5.11813,
1.20087,1.85787,5.08324,
0.341921,-2.19929,5.11816,
1.20087,1.85787,5.08324,
0.341921,-2.1993,5.11816,
1.20088,1.85786,5.08324,
0.341898,-2.19928,5.11817,
1.20085,1.85787,5.08326,
0.341929,-2.19931,5.11814,
1.20087,1.85787,5.08325,
0.341911,-2.19928,5.11816,
1.20087,1.85786,5.08324,
0.34193,-2.19931,5.11814,
1.2009,1.85786,5.08322,
0.341895,-2.19928,5.11817,
1.20087,1.85786,5.08325,
0.341895,-2.19929,5.11816,
1.20085,1.85788,5.08325,
0.341948,-2.19931,5.11813,
1.20085,1.85787,5.08326,
0.341913,-2.1993,5.11815,
1.20086,1.85786,5.08325,
0.341966,-2.19931,5.11812,
1.20087,1.85786,5.08325,
0.341878,-2.19928,5.11818,
1.20088,1.85786,5.08325,
0.341925,-2.19931,5.11814,
1.20086,1.85786,5.08325,
0.341916,-2.1993,5.11816,
1.20089,1.85787,5.08323,
0.341931,-2.19931,5.11813,
1.20088,1.85787,5.08325,
0.341895,-2.19929,5.11817,
1.20086,1.85786,5.08325,
0.34195,-2.19932,5.11813,
1.20087,1.85787,5.08325,
0.341898,-2.19929,5.11817,
1.20088,1.85787,5.08323,
0.341917,-2.1993,5.11816,
1.20087,1.85787,5.08323,
0.34192,-2.1993,5.11816,
1.20087,1.85787,5.08323,
0.341954,-2.19932,5.11813,
1.20088,1.85786,5.08324,
0.341897,-2.19928,5.11817,
1.20085,1.85787,5.08324,
0.341919,-2.19929,5.11816,
1.20088,1.85786,5.08324,
0.34193,-2.1993,5.11814,
1.20085,1.85787,5.08326,
0.341929,-2.19931,5.11814,
1.20087,1.85787,5.08323,
0.341917,-2.1993,5.11816,
1.20087,1.85787,5.08325,
0.341898,-2.19929,5.11817,
1.20088,1.85787,5.08325,
0.341927,-2.19931,5.11814,
1.20089,1.85786,5.08324,
0.341893,-2.19928,5.11817,
1.20085,1.85787,5.08324,
0.341951,-2.19931,5.11813,
1.20087,1.85787,5.08324,
0.341953,-2.19932,5.11813,
1.20089,1.85787,5.08322,
0.341954,-2.19932,5.11813,
1.20087,1.85787,5.08325,
0.341898,-2.19929,5.11817,
1.20089,1.85786,5.08324,
0.341894,-2.19928,5.11817,
1.20084,1.85787,5.08327,
0.341896,-2.19929,5.11817,
1.20087,1.85787,5.08323,
0.34195,-2.19932,5.11813,
1.20087,1.85787,5.08324,
0.341953,-2.19932,5.11813,
1.20089,1.85787,5.08323,
0.341898,-2.19929,5.11817,
1.20089,1.85786,5.08324,
0.341894,-2.19928,5.11817,
1.20087,1.85787,5.08324,
0.341896,-2.19929,5.11817,
1.20087,1.85787,5.08323,
0.34195,-2.19932,5.11813,
1.20087,1.85787,5.08324,
0.341953,-2.19932,5.11813,
1.20089,1.85787,5.08323,
0.341898,-2.19929,5.11817,
1.20089,1.85786,5.08324,
0.341894,-2.19928,5.11817,
1.20087,1.85787,5.08324,
0.341896,-2.19929,5.11817,
1.20087,1.85787,5.08323,
0.34195,-2.19932,5.11813,
1.20087,1.85787,5.08324,
0.341953,-2.19932,5.11813,
1.20089,1.85787,5.08323,
0.341898,-2.19929,5.11817,
1.20089,1.85786,5.08324,
0.341894,-2.19928,5.11817,
1.20087,1.85787,5.08324,
0.341896,-2.19929,5.11817,
1.20087,1.85787,5.08323,
0.34195,-2.19932,5.11813,
1.20087,1.85787,5.08324,
0.341953,-2.19932,5.11813,
1.20089,1.85787,5.08323,
0.341898,-2.19929,5.11817,
1.20089,1.85786,5.08324,
0.341894,-2.19928,5.11817,
1.20087,1.85787,5.08324,
0.341896,-2.19929,5.11817,
1.20087,1.85787,5.08323,
0.34195,-2.19932,5.11813,
1.20087,1.85787,5.08324,
0.341953,-2.19932,5.11813,
1.20089,1.85787,5.08323,
0.341898,-2.19929,5.11817,
1.20089,1.85786,5.08324,
0.341894,-2.19928,5.11817,
1.20087,1.85787,5.08324,
0.341896,-2.19929,5.11817,
1.20087,1.85787,5.08323,
0.34195,-2.19932,5.11813,
1.20087,1.85787,5.08324,
0.341953,-2.19932,5.11813,
1.20089,1.85787,5.08323,
0.341898,-2.19929,5.11817,
1.20089,1.85786,5.08324,
0.341894,-2.19928,5.11817,
1.20087,1.85787,5.08324,
0.341896,-2.19929,5.11817,
1.20087,1.85787,5.08323,
0.34195,-2.19932,5.11813,
1.20087,1.85787,5.08324,
0.341953,-2.19932,5.11813,
1.20089,1.85787,5.08323,
0.341898,-2.19929,5.11817,
1.20089,1.85786,5.08324,
0.341894,-2.19928,5.11817,
1.20087,1.85787,5.08324,
0.341896,-2.19929,5.11817,
1.20087,1.85787,5.08323,
0.34195,-2.19932,5.11813,
1.20087,1.85787,5.08324,
0.341953,-2.19932,5.11813,
1.20089,1.85787,5.08323,
0.341898,-2.19929,5.11817,
1.20089,1.85786,5.08324,
0.341894,-2.19928,5.11817,
1.20087,1.85787,5.08324,
0.341896,-2.19929,5.11817,
1.20087,1.85787,5.08323,
0.34195,-2.19932,5.11813,
1.20087,1.85787,5.08324,
0.341953,-2.19932,5.11813,
1.20089,1.85787,5.08323,
0.341898,-2.19929,5.11817,
1.20089,1.85786,5.08324,
0.341894,-2.19928,5.11817,
1.20087,1.85787,5.08324,
0.341896,-2.19929,5.11817,
1.20087,1.85787,5.08323,
0.34195,-2.19932,5.11813,
1.20087,1.85787,5.08324,
0.341953,-2.19932,5.11813,
1.20089,1.85787,5.08323,
0.341898,-2.19929,5.11817,
1.20089,1.85786,5.08324,
0.341894,-2.19928,5.11817,
1.20087,1.85787,5.08324,
0.341896,-2.19929,5.11817,
1.20087,1.85787,5.08323,
0.34195,-2.19932,5.11813,
1.20087,1.85787,5.08324,
0.341953,-2.19932,5.11813,
1.20089,1.85787,5.08323,
0.341898,-2.19929,5.11817,
1.20089,1.85786,5.08324,
0.341894,-2.19928,5.11817,
1.20087,1.85787,5.08324,
0.341896,-2.19929,5.11817,
1.20087,1.85787,5.08323,
0.34195,-2.19932,5.11813,
1.20087,1.85787,5.08324,
0.341953,-2.19932,5.11813,
1.20089,1.85787,5.08323,
0.341898,-2.19929,5.11817,
1.20089,1.85786,5.08324,
0.341894,-2.19928,5.11817,
1.20087,1.85787,5.08324,
0.341896,-2.19929,5.11817,
1.20087,1.85787,5.08323,
0.34195,-2.19932,5.11813,
1.20087,1.85787,5.08324,
0.341953,-2.19932,5.11813,
1.20089,1.85787,5.08323,
