-0.00478834 -0.00225164 -0.014 -0.003
0.117705 0.63334 -0.014 -0.003
0.728321 0.392424 -0.014 -0.003
0.908677 0.373876 -0.014 -0.003
0.804829 0.581699 -0.014 -0.003
0.994622 0.283713 -0.014 -0.003
0.821863 0.616968 -0.014 -0.003
1.0053 0.271534 -0.014 -0.003
0.826863 0.621611 -0.014 -0.003
1.00697 0.270787 -0.014 -0.003
0.828234 0.621897 -0.014 -0.003
1.00733 0.270937 -0.014 -0.003
0.830736 0.622002 -0.0107147 -0.003
1.01282 0.270928 -0.00743275 -0.003
0.838357 0.620592 -0.00180174 -0.008
1.02403 0.261232 0.00489677 -0.008
0.852189 0.621822 0.0115033 -0.008
1.04002 0.223334 0.0211693 -0.036
0.870462 0.605707 0.0308258 -0.036
1.05717 0.221163 0.0404724 -0.036
0.822033 0.598746 -0.0174467 -0.019
0.973512 0.267842 -0.00775011 -0.019
0.801673 0.596868 0.00187461 -0.019
0.988919 0.260427 0.0115305 -0.011
0.817068 0.61966 0.02124 -0.011
1.00664 0.226719 0.0308904 -0.033
0.837054 0.607835 0.0405571 -0.033
1.01735 0.225054 0.0502084 -0.033
0.84831 0.608023 0.0598481 -0.033
0.935712 0.241189 -0.0378097 -0.043
0.733098 0.567777 -0.0280513 -0.043
0.919573 0.246698 -0.0184143 -0.043
0.744703 0.595004 -0.00775817 -0.021
0.937414 0.259831 0.00190813 -0.021
0.765322 0.597124 0.0116978 -0.021
0.949554 0.2598 0.0213695 -0.021
0.774714 0.617989 0.031035 -0.01
0.965496 0.25786 0.040672 -0.01
0.794447 0.601732 0.0504041 -0.039
0.9834 0.216664 0.0600443 -0.039
0.816375 0.604766 0.0697362 -0.039
0.899837 0.238607 -0.0313807 -0.046
0.697654 0.563628 -0.0217355 -0.046
0.883821 0.245123 -0.0119838 -0.046
0.707904 0.601183 -0.00233075 -0.016
0.900945 0.262721 0.00741038 -0.016
0.72256 0.603932 0.0170878 -0.016
0.910537 0.26332 0.0267246 -0.016
0.73922 0.616208 0.0373718 -0.013
0.929386 0.253889 0.0470316 -0.013
0.759182 0.603961 0.0566888 -0.036
0.947707 0.221103 0.0664348 -0.036
0.78084 0.606369 0.0761184 -0.036
0.872754 0.243101 -0.005901 -0.04
0.673256 0.571891 0.00377301 -0.04
0.860478 0.26785 0.0135174 -0.01
0.685086 0.612859 0.0231831 -0.01
0.876192 0.265917 0.0329095 -0.01
0.704203 0.617877 0.0415494 -0.012
0.894214 0.255217 0.0512222 -0.012
0.725301 0.620054 0.06087 -0.012
0.914094 0.214703 0.070508 -0.042
0.745051 0.602567 0.0801811 -0.042
0.83951 0.243045 0.00242875 -0.039
0.639656 0.573637 0.0120661 -0.039
0.826755 0.269025 0.0217166 -0.008
0.651539 0.61582 0.0314329 -0.008
0.842558 0.267067 0.0410675 -0.008
0.6712 0.612108 0.0507213 -0.021
0.86115 0.242351 0.0603916 -0.021
0.692651 0.615094 0.0701138 -0.021
0.879432 0.201841 0.077814 -0.051
0.704996 0.597104 0.0874617 -0.051
0.887716 0.200342 0.0971193 -0.051
0.640787 0.583636 0.00779742 -0.031
0.784778 0.26226 0.017456 -0.031
0.61214 0.608299 0.0271365 -0.009
0.798611 0.269333 0.0368154 -0.009
0.62794 0.613405 0.0465593 -0.009
0.818144 0.246044 0.0562284 -0.02
0.640702 0.614845 0.0659845 -0.02
0.82622 0.24416 0.0756448 -0.02
0.658247 0.615354 0.085286 -0.02
0.845727 0.203645 0.0949388 -0.05
0.677564 0.597971 0.104616 -0.05
0.862938 0.201392 0.114265 -0.05
0.935177 0.601512 0.510546 -0.034
1.21971 0.237659 0.520283 -0.034
1.06599 0.582116 0.529915 -0.034
0.913952 0.259685 0.0395552 -0.003
0.600345 0.63183 0.0492187 -0.003
0.780782 0.258871 0.0589259 -0.003
0.592437 0.615125 0.0685842 -0.026
0.787139 0.231684 0.0782813 -0.026
0.618409 0.613787 0.0879526 -0.026
1.07237 0.263913 0.515634 -0.028
1.01891 0.577509 0.525287 -0.028
1.20929 0.265833 0.534949 -0.028
1.04278 0.581209 0.544591 -0.028
1.22747 0.276244 0.554319 -0.001
1.05482 0.62461 0.563985 -0.001
1.24365 0.271169 0.573715 -0.001
1.07298 0.610543 0.583418 -0.024
0.914653 0.22568 0.0930666 -0.024
0.603214 0.602332 0.102728 -0.054
0.787465 0.184522 0.112472 -0.054
0.607495 0.602141 0.122121 -0.054
1.04585 0.262843 0.526664 -0.022
0.9834 0.587303 0.536348 -0.022
1.16995 0.269427 0.546093 -0.022
1.00948 0.619132 0.555734 0
1.1956 0.275378 0.565434 0
1.02588 0.625462 0.575193 0
1.21477 0.232212 0.58483 -0.03
1.04423 0.609177 0.594504 -0.03
1.23152 0.229595 0.60414 -0.03
0.990711 0.59003 0.537143 -0.025
1.14327 0.26442 0.546794 -0.025
0.969345 0.617128 0.55554 -0.006
1.15676 0.265398 0.565383 -0.006
0.986673 0.622816 0.575025 -0.006
1.17606 0.234127 0.584655 -0.028
1.00658 0.610414 0.594314 -0.028
1.19375 0.232559 0.603966 -0.028
1.02064 0.610133 0.613606 -0.028
1.10163 0.239381 0.50966 -0.047
0.89867 0.5616 0.519307 -0.047
1.0854 0.244411 0.528993 -0.047
0.909339 0.590331 0.538635 -0.024
1.1026 0.258026 0.548335 -0.024
0.927906 0.615459 0.556968 -0.013
1.12003 0.253341 0.566662 -0.013
0.943642 0.619118 0.576283 -0.013
1.12927 0.254151 0.585913 -0.013
0.959446 0.603274 0.594636 -0.036
1.14697 0.221498 0.60428 -0.036
0.980146 0.605837 0.613959 -0.036
1.06229 0.242755 0.510092 -0.04
0.859749 0.571682 0.519753 -0.04
1.04602 0.248404 0.529459 -0.04
0.870253 0.609441 0.539087 -0.01
1.06303 0.266105 0.548732 -0.01
0.891359 0.612533 0.558367 -0.01
1.07503 0.266047 0.568095 -0.01
0.901357 0.617442 0.577765 -0.012
1.09116 0.25511 0.587512 -0.012
0.920049 0.599352 0.596195 -0.042
1.10867 0.212525 0.606086 -0.042
0.941766 0.602556 0.615725 -0.042
1.02524 0.242267 0.513832 -0.04
0.823489 0.571708 0.52355 -0.04
1.00941 0.248526 0.533208 -0.04
0.850936 0.610101 0.579781 -0.02
1.05258 0.241976 0.589448 -0.02
0.810993 0.581976 0.524546 -0.031
0.967307 0.259629 0.534238 -0.031
0.793685 0.579861 0.543975 -0.031
0.982775 0.27502 0.553646 -0.001
0.80954 0.624282 0.563305 -0.001
0.999789 0.271453 0.573025 -0.001
0.828982 0.612066 0.582788 -0.021
1.01863 0.242456 0.592411 -0.021
0.844046 0.61396 0.602042 -0.021
1.03026 0.202414 0.612731 -0.051
0.861514 0.596753 0.622405 -0.051
1.04691 0.199939 0.632067 -0.051
0.792125 0.581399 0.529287 -0.032
0.934531 0.261972 0.538936 -0.032
0.762458 0.577001 0.548578 -0.032
0.94953 0.274822 0.558328 -0.003
0.770153 0.620623 0.567974 -0.003
0.957521 0.270909 0.577625 -0.003
0.786995 0.621897 0.587257 -0.003
0.97703 0.236029 0.596984 -0.027
0.806382 0.610595 0.606663 -0.027
0.994335 0.202462 0.615297 -0.05
0.826195 0.597649 0.624979 -0.05
1.01184 0.201279 0.634755 -0.05
0.758853 0.587978 0.536845 -0.027
0.893798 0.264501 0.546594 -0.027
0.719069 0.584529 0.556234 -0.027
0.904946 0.258855 0.565878 -0.027
0.731598 0.620609 0.574544 -0.003
0.922767 0.26822 0.584223 -0.003
0.752222 0.624708 0.593893 -0.003
0.942379 0.227239 0.603561 -0.033
0.77211 0.607298 0.613197 -0.033
0.960632 0.192605 0.62283 -0.057
0.793124 0.593691 0.632518 -0.057
0.978156 0.19138 0.642155 -0.057
0.807658 0.59319 0.651808 -0.057
0.892664 0.251448 0.560489 -0.026
0.694568 0.591026 0.570268 -0.026
0.87968 0.268366 0.579939 -0.004
0.705527 0.624136 0.589746 -0.004
0.895458 0.266161 0.599397 -0.004
0.725 0.604555 0.60903 -0.033
0.914044 0.225357 0.618712 -0.033
0.746503 0.607584 0.62843 -0.033
0.834566 0.241656 0.540898 -0.042
0.631411 0.568879 0.550461 -0.042
0.81796 0.247145 0.560017 -0.042
0.640662 0.59595 0.567218 -0.02
0.831157 0.260394 0.574406 -0.02
0.651686 0.620274 0.575179 -0.003
0.834302 0.270369 0.575954 -0.003
0.655131 0.622035 0.576731 -0.003
0.834922 0.26931 0.576731 -0.005
0.655994 0.618931 0.576731 -0.005
0.835101 0.269763 0.576731 -0.005
0.656054 0.618786 0.576731 -0.005
0.835085 0.268519 0.576731 -0.007
0.656073 0.615927 0.576731 -0.007
0.835226 0.268668 0.576731 -0.007
0.65598 0.615912 0.576731 -0.007
0.835239 0.268631 0.576731 -0.007
0.655949 0.615933 0.576731 -0.007
0.835237 0.268616 0.576731 -0.007
0.655945 0.615952 0.576731 -0.007
0.83524 0.268606 0.576731 -0.007
0.655938 0.615944 0.576731 -0.007
0.835234 0.268611 0.576731 -0.007
0.65594 0.615941 0.576731 -0.007
0.835235 0.268612 0.576731 -0.007
0.655941 0.615941 0.576731 -0.007
0.835235 0.268612 0.576731 -0.007
0.655941 0.61594 0.576731 -0.007
0.835235 0.268613 0.576731 -0.007
0.655942 0.61594 0.576731 -0.007
0.835247 0.268602 0.576731 -0.007
0.65594 0.615944 0.576731 -0.007
0.835255 0.26861 0.576731 -0.007
0.655948 0.615941 0.576731 -0.007
0.835235 0.268614 0.576731 -0.007
0.655941 0.61594 0.576731 -0.007
0.835235 0.268613 0.576731 -0.007
0.655941 0.61594 0.576731 -0.007
0.835254 0.268613 0.576731 -0.007
0.655948 0.61594 0.576731 -0.007
0.835254 0.268615 0.576731 -0.007
0.655948 0.61594 0.576731 -0.007
0.835254 0.268616 0.576731 -0.007
0.655947 0.61594 0.576731 -0.007
0.835253 0.268616 0.576731 -0.007
0.655947 0.61594 0.576731 -0.007
0.835246 0.268605 0.576731 -0.007
0.655939 0.615944 0.576731 -0.007
0.835254 0.268611 0.576731 -0.007
0.655947 0.615941 0.576731 -0.007
0.835246 0.268604 0.576731 -0.007
0.655939 0.615944 0.576731 -0.007
0.835254 0.268611 0.576731 -0.007
0.655947 0.615941 0.576731 -0.007
0.835254 0.268615 0.576731 -0.007
0.655947 0.61594 0.576731 -0.007
0.835246 0.268605 0.576731 -0.007
0.655939 0.615944 0.576731 -0.007
0.835247 0.2686 0.576731 -0.007
0.655957 0.615953 0.576731 -0.007
0.835242 0.268608 0.576731 -0.007
0.65594 0.615943 0.576731 -0.007
0.835234 0.268612 0.576731 -0.007
0.655958 0.615949 0.576731 -0.007
0.835253 0.2686 0.576731 -0.007
0.655941 0.615959 0.576731 -0.007
0.835239 0.268603 0.576731 -0.007
0.655936 0.615946 0.576731 -0.007
0.835199 0.267971 0.576731 -0.008
0.65595 0.614515 0.576731 -0.008
0.835271 0.268054 0.576731 -0.008
0.655871 0.615825 0.576731 -0.007
0.835283 0.268603 0.576731 -0.007
0.655916 0.615953 0.576731 -0.007
0.835256 0.268599 0.576731 -0.007
0.655939 0.615947 0.576731 -0.007
0.835245 0.268601 0.576731 -0.007
0.655938 0.615946 0.576731 -0.007
0.835254 0.26861 0.576731 -0.007
0.655947 0.615941 0.576731 -0.007
0.835246 0.268604 0.576731 -0.007
0.655939 0.615944 0.576731 -0.007
0.835254 0.268611 0.576731 -0.007
0.655947 0.615941 0.576731 -0.007
0.835235 0.268614 0.576731 -0.007
0.655944 0.615953 0.576731 -0.007
0.835239 0.268606 0.576731 -0.007
0.655937 0.615944 0.576731 -0.007
0.835234 0.268611 0.576731 -0.007
0.65594 0.615941 0.576731 -0.007
0.835235 0.268612 0.576731 -0.007
0.655941 0.615941 0.576731 -0.007
0.835235 0.268612 0.576731 -0.007
0.655944 0.615953 0.576731 -0.007
0.835251 0.268595 0.576731 -0.007
0.655936 0.615948 0.576731 -0.007
0.835254 0.268609 0.576731 -0.007
0.655946 0.615942 0.576731 -0.007
0.835246 0.268604 0.576731 -0.007
0.655939 0.615944 0.576731 -0.007
0.835247 0.2686 0.576731 -0.007
0.655939 0.615945 0.576731 -0.007
0.835255 0.26861 0.576731 -0.007
0.655947 0.615941 0.576731 -0.007
0.835247 0.268604 0.576731 -0.007
0.65594 0.615944 0.576731 -0.007
0.835247 0.2686 0.576731 -0.007
0.655939 0.615945 0.576731 -0.007
0.835236 0.26861 0.576731 -0.007
0.655941 0.615942 0.576731 -0.007
0.835235 0.268612 0.576731 -0.007
0.655941 0.615941 0.576731 -0.007
0.835247 0.268602 0.576731 -0.007
0.65594 0.615944 0.576731 -0.007
0.835236 0.26861 0.576731 -0.007
0.655941 0.615941 0.576731 -0.007
0.835254 0.268612 0.576731 -0.007
0.655948 0.61594 0.576731 -0.007
0.835247 0.268604 0.576731 -0.007
0.65594 0.615944 0.576731 -0.007
0.835236 0.268611 0.576731 -0.007
0.655941 0.615941 0.576731 -0.007
0.835247 0.268602 0.576731 -0.007
0.65594 0.615945 0.576731 -0.007
0.835236 0.26861 0.576731 -0.007
0.655941 0.615941 0.576731 -0.007
0.835254 0.268612 0.576731 -0.007
0.655948 0.61594 0.576731 -0.007
0.835247 0.268604 0.576731 -0.007
0.65594 0.615944 0.576731 -0.007
0.835236 0.268611 0.576731 -0.007
0.655941 0.615941 0.576731 -0.007
0.835247 0.268602 0.576731 -0.007
0.65594 0.615945 0.576731 -0.007
0.835236 0.26861 0.576731 -0.007
0.655941 0.615941 0.576731 -0.007
0.835254 0.268612 0.576731 -0.007
0.655948 0.61594 0.576731 -0.007
0.835247 0.268604 0.576731 -0.007
0.65594 0.615944 0.576731 -0.007
0.835236 0.268611 0.576731 -0.007
0.655941 0.615941 0.576731 -0.007
0.835247 0.268602 0.576731 -0.007
0.65594 0.615945 0.576731 -0.007
0.835236 0.26861 0.576731 -0.007
0.655941 0.615941 0.576731 -0.007
0.835254 0.268612 0.576731 -0.007
0.655948 0.61594 0.576731 -0.007
0.835247 0.268604 0.576731 -0.007
0.65594 0.615944 0.576731 -0.007
0.835236 0.268611 0.576731 -0.007
0.655941 0.615941 0.576731 -0.007
0.835247 0.268602 0.576731 -0.007
0.65594 0.615945 0.576731 -0.007
0.835236 0.26861 0.576731 -0.007
0.655941 0.615941 0.576731 -0.007
0.835254 0.268612 0.576731 -0.007
0.655948 0.61594 0.576731 -0.007
0.835247 0.268604 0.576731 -0.007
0.65594 0.615944 0.576731 -0.007
0.835236 0.268611 0.576731 -0.007
0.655941 0.615941 0.576731 -0.007
0.835247 0.268602 0.576731 -0.007
0.65594 0.615945 0.576731 -0.007
0.835236 0.26861 0.576731 -0.007
0.655941 0.615941 0.576731 -0.007
0.835254 0.268612 0.576731 -0.007
0.655948 0.61594 0.576731 -0.007
0.835247 0.268604 0.576731 -0.007
0.65594 0.615944 0.576731 -0.007
0.835236 0.268611 0.576731 -0.007
0.655941 0.615941 0.576731 -0.007
0.835247 0.268602 0.576731 -0.007
0.65594 0.615945 0.576731 -0.007
0.835236 0.26861 0.576731 -0.007
0.655941 0.615941 0.576731 -0.007
0.835254 0.268612 0.576731 -0.007
0.655948 0.61594 0.576731 -0.007
0.835247 0.268604 0.576731 -0.007
0.65594 0.615944 0.576731 -0.007
0.835236 0.268611 0.576731 -0.007
0.655941 0.615941 0.576731 -0.007
0.835247 0.268602 0.576731 -0.007
0.65594 0.615945 0.576731 -0.007
0.835236 0.26861 0.576731 -0.007
0.655941 0.615941 0.576731 -0.007
0.835254 0.268612 0.576731 -0.007
0.655948 0.61594 0.576731 -0.007
0.835247 0.268604 0.576731 -0.007
0.65594 0.615944 0.576731 -0.007
0.835236 0.268611 0.576731 -0.007
0.655941 0.615941 0.576731 -0.007
0.835247 0.268602 0.576731 -0.007
0.65594 0.615945 0.576731 -0.007
0.835236 0.26861 0.576731 -0.007
0.655941 0.615941 0.576731 -0.007
0.835254 0.268612 0.576731 -0.007
0.655948 0.61594 0.576731 -0.007
0.835247 0.268604 0.576731 -0.007
0.65594 0.615944 0.576731 -0.007
0.835236 0.268611 0.576731 -0.007
0.655941 0.615941 0.576731 -0.007
0.835247 0.268602 0.576731 -0.007
0.65594 0.615945 0.576731 -0.007
0.835236 0.26861 0.576731 -0.007
0.655941 0.615941 0.576731 -0.007
0.835254 0.268612 0.576731 -0.007
0.655948 0.61594 0.576731 -0.007
0.835247 0.268604 0.576731 -0.007
0.65594 0.615944 0.576731 -0.007
0.835236 0.268611 0.576731 -0.007
0.655941 0.615941 0.576731 -0.007
0.835247 0.268602 0.576731 -0.007
0.65594 0.615945 0.576731 -0.007
0.835236 0.26861 0.576731 -0.007
0.655941 0.615941 0.576731 -0.007
0.835254 0.268612 0.576731 -0.007
0.655948 0.61594 0.576731 -0.007
0.835247 0.268604 0.576731 -0.007
0.65594 0.615944 0.576731 -0.007
0.835236 0.268611 0.576731 -0.007
0.655941 0.615941 0.576731 -0.007
0.835247 0.268602 0.576731 -0.007
0.65594 0.615945 0.576731 -0.007
0.835236 0.26861 0.576731 -0.007
0.655903 0.615353 0.576731 -0.00610329
0.835207 0.269419 0.576731 -0.00520094
0.65593 0.614499 0.576731 -0.00430585
0.835217 0.270834 0.576731 -0.00340833
0.65306 0.608481 0.572731 0.0039521
0.832512 0.282378 0.572731 0.0113324
0.653567 0.595049 0.572731 0.0186814
0.815097 0.297199 0.547731 0.0281304
0.637791 0.577076 0.547731 0.0375654
0.882909 0.218078 0.652731 -0.0570118
0.700365 -0.321414 0.652731 -0.0474225
0.86964 0.18283 0.630731 -0.0378482
0.687344 -0.324591 0.630731 -0.0282624
0.869174 0.199102 0.630731 -0.0186801
0.671848 -0.345498 0.603731 -0.0100829
0.85173 0.218386 0.603731 -0.000506465
0.673416 -0.364275 0.603731 0.00909652
0.832861 0.23659 0.575731 0.019742
0.655307 -0.38177 0.575731 0.0293595
0.834474 0.249598 0.575731 0.0389878
0.63551 -0.394683 0.545731 0.0475754
0.815759 0.264906 0.545731 0.0571401
0.636652 -0.412069 0.545731 0.0667228
0.885527 0.192817 0.654731 -0.023338
0.700975 -0.739417 0.654731 -0.0137141
0.87161 0.155511 0.633731 -0.00406668
0.689074 -0.736671 0.633731 0.00557633
0.870876 0.172058 0.633731 0.0151651
0.672466 -0.716764 0.604731 0.0247341
0.851891 0.186222 0.604731 0.0343107
0.673982 -0.706302 0.604731 0.0439457
0.852891 0.201659 0.604731 0.0535366
0.656007 -0.685955 0.577731 0.0651921
0.835431 0.221701 0.577731 0.0748189
0.638873 -0.667326 0.549731 0.0834971
0.817974 0.239809 0.549731 0.0930946
0.639635 -0.64912 0.549731 0.102669
0.886846 0.163219 0.657731 0.00524552
0.702872 -0.771616 0.657731 0.0148434
0.887688 0.117141 0.657731 0.0244302
0.704284 -0.778798 0.657731 0.034038
0.871882 0.129908 0.637731 0.0446002
0.694051 -0.760009 0.637731 0.054174
0.87282 0.1498 0.637731 0.0637487
0.671447 -0.739301 0.601731 0.0733042
0.849954 0.169473 0.601731 0.0829046
0.655215 -0.719014 0.574731 0.0935867
0.833323 0.188607 0.574731 0.103183
0.655883 -0.701174 0.574731 0.112845
0.819764 0.20593 0.554731 0.122459
0.643081 -0.688872 0.554731 0.132105
0.821577 0.216099 0.554731 0.141691
0.642458 -0.673253 0.554731 0.151249
0.887529 0.140732 0.659731 0.0557991
0.704298 -0.794066 0.659731 0.0653732
0.888692 0.100822 0.659731 0.0749703
0.688517 -0.792138 0.632731 0.0835669
0.869127 0.116855 0.632731 0.0931787
0.692008 -0.773635 0.632731 0.102795
0.849261 0.135245 0.603731 0.11235
0.674316 -0.760473 0.603731 0.122021
0.851823 0.146064 0.603731 0.131637
0.654952 -0.744021 0.574731 0.140246
0.83295 0.163895 0.574731 0.149859
0.656084 -0.725803 0.574731 0.159466
0.819435 0.181522 0.554731 0.169053
0.642962 -0.706999 0.554731 0.17874
0.820782 0.200356 0.554731 0.188331
0.716146 -0.814053 0.657731 0.0638988
0.895049 0.0585503 0.657731 0.0734765
0.702868 -0.847078 0.657731 0.0830483
0.887526 0.0572703 0.657731 0.0927072
0.686935 -0.833763 0.629731 0.100365
0.868168 0.0758525 0.629731 0.110062
0.67179 -0.814681 0.602731 0.117625
0.85149 0.0940767 0.602731 0.127221
0.672742 -0.796117 0.602731 0.13682
0.837383 0.111535 0.581731 0.146485
0.658896 -0.777552 0.581731 0.156046
0.83882 0.130201 0.581731 0.165625
0.644473 -0.758905 0.559731 0.174291
0.82476 0.148442 0.559731 0.183949
0.645578 -0.746811 0.559731 0.193517
0.825642 0.157922 0.559731 0.203088
0.705822 -0.818011 0.657923 0.143691
0.893473 0.0611834 0.658069 0.153276
0.682252 -0.833181 0.629216 0.162902
0.868425 0.0740868 0.629362 0.172479
0.687454 -0.81534 0.629509 0.18215
0.853758 0.0928164 0.608656 0.190759
0.675331 -0.796232 0.608802 0.20033
0.855577 0.11233 0.608948 0.209924
0.658002 -0.77502 0.582095 0.221531
0.838241 0.126565 0.582242 0.231166
0.658909 -0.76528 0.582389 0.2408
0.818388 0.140595 0.552535 0.250389
0.639783 -0.747383 0.552681 0.259976
0.820519 0.15942 0.552829 0.269658
0.713444 -0.830874 0.66102 0.181705
0.896623 0.0402597 0.661167 0.191321
0.685431 -0.856316 0.634313 0.201925
0.871367 0.0496437 0.634461 0.211593
0.690338 -0.839846 0.634607 0.221202
0.850024 0.0686643 0.604754 0.230793
0.673011 -0.826186 0.604899 0.240363
0.852791 0.0799378 0.605045 0.249936
0.672994 -0.810184 0.605192 0.259548
0.838733 0.0979059 0.585339 0.270173
0.660473 -0.790876 0.585485 0.27975
0.820728 0.116063 0.557632 0.28939
0.643088 -0.771713 0.557778 0.298956
0.822914 0.135169 0.557926 0.308653
0.714288 -0.533769 0.690681 0.694108
0.888865 0.457158 0.690827 0.703676
0.713178 -0.4143 0.660973 0.712262
0.882745 0.503997 0.661119 0.721811
0.712146 -0.394574 0.661265 0.731412
0.887289 0.512293 0.661413 0.741068
0.716071 -0.717943 0.641559 0.250676
0.901187 0.0650452 0.641706 0.260303
0.685871 -0.854771 0.641852 0.269905
0.859283 0.0394683 0.612998 0.277478
0.673342 -0.847319 0.613144 0.28706
0.836646 0.0601916 0.58429 0.295619
0.658777 -0.82658 0.584436 0.305202
0.838765 0.0814701 0.584583 0.314814
0.642202 -0.805956 0.557729 0.324408
0.82155 0.0949599 0.557876 0.334031
0.643108 -0.795851 0.558022 0.343621
0.822633 0.10978 0.55817 0.353291
0.702948 -0.561273 0.674214 0.734685
0.877135 0.436175 0.67436 0.744279
0.722395 -0.433941 0.674509 0.75402
0.87717 0.483452 0.653658 0.762783
0.705517 -0.407838 0.653804 0.772373
0.882549 0.500913 0.653951 0.782013
0.70565 -0.728108 0.627097 0.291574
0.892311 0.0487476 0.627244 0.30124
0.67543 -0.872882 0.62739 0.310817
0.851722 0.0195636 0.599536 0.318383
0.663245 -0.866614 0.599682 0.327973
0.848949 0.0413278 0.599829 0.337609
0.648781 -0.845551 0.571976 0.346212
0.831022 0.0618199 0.572123 0.355864
0.650863 -0.826205 0.572269 0.36544
0.919801 0.3066 0.68641 0.775144
0.732755 -0.50188 0.686516 0.78212
0.889306 0.432301 0.676526 0.781765
0.721696 -0.461984 0.676536 0.782405
0.895718 0.44094 0.676545 0.783044
0.717333 -0.460205 0.675545 0.783044
0.896248 0.439371 0.675545 0.783044
0.716039 -0.461125 0.675545 0.783044
0.896251 0.439281 0.675545 0.784044
0.715731 -0.460873 0.675545 0.784044
0.896113 0.439048 0.675545 0.784044
0.715699 -0.460935 0.675545 0.784044
0.89607 0.439053 0.675545 0.784044
0.715723 -0.460923 0.675545 0.784044
0.896077 0.439224 0.675549 0.7843
0.71573 -0.46053 0.675553 0.784556
0.896066 0.439699 0.675557 0.784812
0.714946 -0.457703 0.674599 0.788558
0.895388 0.444542 0.674641 0.791321
0.71523 -0.452829 0.674683 0.794089
0.885247 0.454759 0.659809 0.80536
0.705757 -0.437093 0.659936 0.813644
0.885559 0.465309 0.660062 0.821912
0.692932 -0.427774 0.64015 0.829674
0.873199 0.476271 0.640236 0.835353
0.693966 -0.417692 0.640323 0.841032
0.869865 0.483884 0.635325 0.84216
0.690682 -0.414692 0.635327 0.842288
0.870474 0.484506 0.635329 0.842417
0.690489 -0.414517 0.635329 0.842417
0.870508 0.484464 0.635329 0.842417
0.690372 -0.414555 0.635329 0.842417
0.870487 0.484428 0.635329 0.842417
0.690345 -0.414573 0.635329 0.842417
0.870473 0.484409 0.635329 0.842417
0.690333 -0.414581 0.635329 0.842417
0.87046 0.484413 0.635329 0.842417
0.690336 -0.414592 0.635329 0.842417
0.870483 0.484408 0.635329 0.842417
0.690337 -0.414581 0.635329 0.842417
0.870477 0.484416 0.635329 0.842417
0.690339 -0.414578 0.635329 0.842417
0.870477 0.484418 0.635329 0.842417
0.69034 -0.414577 0.635329 0.842417
0.870477 0.484418 0.635329 0.842417
0.69034 -0.414577 0.635329 0.842417
0.870478 0.484418 0.635329 0.842417
0.69034 -0.414577 0.635329 0.842417
0.870478 0.484418 0.635329 0.842417
0.69034 -0.414577 0.635329 0.842417
0.870478 0.484418 0.635329 0.842417
0.69034 -0.414577 0.635329 0.842417
0.870478 0.484418 0.635329 0.842417
0.69034 -0.414577 0.635329 0.842417
0.870478 0.484418 0.635329 0.842417
0.69034 -0.414577 0.635329 0.842417
0.870478 0.484418 0.635329 0.842417
0.69034 -0.414577 0.635329 0.842417
0.870478 0.484418 0.635329 0.842417
0.69034 -0.414577 0.635329 0.842417
0.870478 0.484418 0.635329 0.842417
0.69034 -0.414577 0.635329 0.842417
0.870478 0.484418 0.635329 0.842417
0.69034 -0.414577 0.635329 0.842417
0.870478 0.484418 0.635329 0.842417
0.69034 -0.414577 0.635329 0.842417
0.870478 0.484418 0.635329 0.842417
0.69034 -0.414577 0.635329 0.842417
0.870478 0.484418 0.635329 0.842417
0.69034 -0.414577 0.635329 0.842417
0.870478 0.484418 0.635329 0.842417
0.69034 -0.414577 0.635329 0.842417
0.870478 0.484418 0.635329 0.842417
0.69034 -0.414577 0.635329 0.842417
0.870478 0.484418 0.635329 0.842417
0.69034 -0.414577 0.635329 0.842417
0.870478 0.484418 0.635329 0.842417
0.69034 -0.414577 0.635329 0.842417
0.870478 0.484418 0.635329 0.842417
0.69034 -0.414577 0.635329 0.842417
0.870478 0.484418 0.635329 0.842417
0.69034 -0.414577 0.635329 0.842417
0.870478 0.484418 0.635329 0.842417
0.69034 -0.414577 0.635329 0.842417
0.870478 0.484418 0.635329 0.842417
0.69034 -0.414577 0.635329 0.842417
0.870478 0.484418 0.635329 0.842417
0.69034 -0.414577 0.635329 0.842417
0.870478 0.484418 0.635329 0.842417
0.69034 -0.414577 0.635329 0.842417
0.870478 0.484418 0.635329 0.842417
0.69034 -0.414577 0.635329 0.842417
0.870478 0.484418 0.635329 0.842417
0.69034 -0.414577 0.635329 0.842417
0.870478 0.484418 0.635329 0.842417
0.69034 -0.414577 0.635329 0.842417
0.870478 0.484418 0.635329 0.842417
0.69034 -0.414577 0.635329 0.842417
0.870478 0.484418 0.635329 0.842417
0.69034 -0.414577 0.635329 0.842417
0.870478 0.484418 0.635329 0.842417
0.69034 -0.414577 0.635329 0.842417
0.870478 0.484418 0.635329 0.842417
0.69034 -0.414577 0.635329 0.842417
0.870478 0.484418 0.635329 0.842417
0.69034 -0.414577 0.635329 0.842417
0.870478 0.484418 0.635329 0.842417
0.69034 -0.414577 0.635329 0.842417
0.870478 0.484418 0.635329 0.842417
0.69034 -0.414577 0.635329 0.842417
0.870478 0.484418 0.635329 0.842417
0.69034 -0.414577 0.635329 0.842417
0.870478 0.484418 0.635329 0.842417
0.69034 -0.414577 0.635329 0.842417
0.870478 0.484418 0.635329 0.842417
0.69034 -0.414577 0.635329 0.842417
0.870478 0.484418 0.635329 0.842417
0.69034 -0.414577 0.635329 0.842417
0.870478 0.484418 0.635329 0.842417
0.69034 -0.414577 0.635329 0.842417
0.870478 0.484418 0.635329 0.842417
0.69034 -0.414577 0.635329 0.842417
0.870478 0.484418 0.635329 0.842417
0.69034 -0.414577 0.635329 0.842417
0.870478 0.484418 0.635329 0.842417
0.69034 -0.414577 0.635329 0.842417
0.870478 0.484418 0.635329 0.842417
0.69034 -0.414577 0.635329 0.842417
0.870478 0.484418 0.635329 0.842417
0.69034 -0.414577 0.635329 0.842417
0.870478 0.484418 0.635329 0.842417
0.69034 -0.414577 0.635329 0.842417
0.870478 0.484418 0.635329 0.842417
0.69034 -0.414577 0.635329 0.842417
0.870478 0.484418 0.635329 0.842417
0.69034 -0.414577 0.635329 0.842417
0.870478 0.484418 0.635329 0.842417
0.69034 -0.414577 0.635329 0.842417
0.870478 0.484418 0.635329 0.842417
0.69034 -0.414577 0.635329 0.842417
0.870478 0.484418 0.635329 0.842417
0.69034 -0.414577 0.635329 0.842417
0.870478 0.484418 0.635329 0.842417
0.69034 -0.414577 0.635329 0.842417
0.870478 0.484418 0.635329 0.842417
0.69034 -0.414577 0.635329 0.842417
0.870478 0.484418 0.635329 0.842417
0.69034 -0.414577 0.635329 0.842417
0.870478 0.484418 0.635329 0.842417
0.69034 -0.414577 0.635329 0.842417
0.870478 0.484418 0.635329 0.842417
0.69034 -0.414577 0.635329 0.842417
0.870478 0.484418 0.635329 0.842417
0.69034 -0.414577 0.635329 0.842417
0.870478 0.484418 0.635329 0.842417
0.69034 -0.414577 0.635329 0.842417
0.870478 0.484418 0.635329 0.842417
0.69034 -0.414577 0.635329 0.842417
0.870478 0.484418 0.635329 0.842417
0.69034 -0.414577 0.635329 0.842417
0.870478 0.484418 0.635329 0.842417
0.69034 -0.414577 0.635329 0.842417
0.870478 0.484418 0.635329 0.842417
0.69034 -0.414577 0.635329 0.842417
0.870478 0.484418 0.635329 0.842417
0.69034 -0.414577 0.635329 0.842417
0.870478 0.484418 0.635329 0.842417
0.69034 -0.414577 0.635329 0.842417
0.870478 0.484418 0.635329 0.842417
0.69034 -0.414577 0.635329 0.842417
0.870478 0.484418 0.635329 0.842417
0.69034 -0.414577 0.635329 0.842417
0.870478 0.484418 0.635329 0.842417
0.69034 -0.414577 0.635329 0.842417
0.870478 0.484418 0.635329 0.842417
0.69034 -0.414577 0.635329 0.842417
0.870478 0.484418 0.635329 0.842417
0.69034 -0.414577 0.635329 0.842417
0.870478 0.484418 0.635329 0.842417
0.69034 -0.414577 0.635329 0.842417
0.870478 0.484418 0.635329 0.842417
0.69034 -0.414577 0.635329 0.842417
0.870478 0.484418 0.635329 0.842417
0.69034 -0.414577 0.635329 0.842417
0.870478 0.484418 0.635329 0.842417
0.69034 -0.414577 0.635329 0.842417
0.870478 0.484418 0.635329 0.842417
0.69034 -0.414577 0.635329 0.842417
0.870478 0.484418 0.635329 0.842417
0.69034 -0.414577 0.635329 0.842417
0.870478 0.484418 0.635329 0.842417
0.69034 -0.414577 0.635329 0.842417
0.870478 0.484418 0.635329 0.842417
0.69034 -0.414577 0.635329 0.842417
0.870478 0.484418 0.635329 0.842417
0.69034 -0.414577 0.635329 0.842417
0.870478 0.484418 0.635329 0.842417
0.69034 -0.414577 0.635329 0.842417
0.870478 0.484418 0.635329 0.842417
0.69034 -0.414577 0.635329 0.842417
0.870478 0.484418 0.635329 0.842417
0.69034 -0.414577 0.635329 0.842417
0.870478 0.484418 0.635329 0.842417
0.69034 -0.414577 0.635329 0.842417
0.870478 0.484418 0.635329 0.842417
0.69034 -0.414577 0.635329 0.842417
0.870478 0.484418 0.635329 0.842417
0.69034 -0.414577 0.635329 0.842417
0.870478 0.484418 0.635329 0.842417
0.69034 -0.414577 0.635329 0.842417
0.870478 0.484418 0.635329 0.842417
0.69034 -0.414577 0.635329 0.842417
0.870478 0.484418 0.635329 0.842417
0.69034 -0.414577 0.635329 0.842417
0.870478 0.484418 0.635329 0.842417
0.69034 -0.414577 0.635329 0.842417
0.870478 0.484418 0.635329 0.842417
0.69034 -0.414577 0.635329 0.842417
0.870478 0.484418 0.635329 0.842417
0.69034 -0.414577 0.635329 0.842417
0.870478 0.484418 0.635329 0.842417
0.69034 -0.414577 0.635329 0.842417
0.870478 0.484418 0.635329 0.842417
0.69034 -0.414577 0.635329 0.842417
0.870478 0.484418 0.635329 0.842417
0.69034 -0.414577 0.635329 0.842417
0.870478 0.484418 0.635329 0.842417
0.69034 -0.414577 0.635329 0.842417
0.870478 0.484418 0.635329 0.842417
0.69034 -0.414577 0.635329 0.842417
0.870478 0.484418 0.635329 0.842417
0.69034 -0.414577 0.635329 0.842417
0.870478 0.484418 0.635329 0.842417
0.69034 -0.414577 0.635329 0.842417
0.870478 0.484418 0.635329 0.842417
0.69034 -0.414577 0.635329 0.842417
0.870478 0.484418 0.635329 0.842417
0.69034 -0.414577 0.635329 0.842417
0.870478 0.484418 0.635329 0.842417
0.69034 -0.414577 0.635329 0.842417
0.870478 0.484418 0.635329 0.842417
0.69034 -0.414577 0.635329 0.842417
0.870478 0.484418 0.635329 0.842417
0.69034 -0.414577 0.635329 0.842417
0.870478 0.484418 0.635329 0.842417
0.69034 -0.414577 0.635329 0.842417
0.870478 0.484418 0.635329 0.842417
0.69034 -0.414577 0.635329 0.842417
0.870478 0.484418 0.635329 0.842417
0.69034 -0.414577 0.635329 0.842417
0.870478 0.484418 0.635329 0.842417
0.69034 -0.414577 0.635329 0.842417
0.870478 0.484418 0.635329 0.842417
0.69034 -0.414577 0.635329 0.842417
0.870478 0.484418 0.635329 0.842417
0.69034 -0.414577 0.635329 0.842417
0.870478 0.484418 0.635329 0.842417
0.69034 -0.414577 0.635329 0.842417
0.870478 0.484418 0.635329 0.842417
0.69034 -0.414577 0.635329 0.842417
0.870478 0.484418 0.635329 0.842417
0.69034 -0.414577 0.635329 0.842417
0.870478 0.484418 0.635329 0.842417
0.69034 -0.414577 0.635329 0.842417
0.870478 0.484418 0.635329 0.842417
0.69034 -0.414577 0.635329 0.842417
0.870478 0.484418 0.635329 0.842417
0.69034 -0.414577 0.635329 0.842417
0.870478 0.484418 0.635329 0.842417
0.69034 -0.414577 0.635329 0.842417
0.870478 0.484418 0.635329 0.842417
0.69034 -0.414577 0.635329 0.842417
0.870478 0.484418 0.635329 0.842417
0.69034 -0.414577 0.635329 0.842417
0.870478 0.484418 0.635329 0.842417
0.69034 -0.414577 0.635329 0.842417
0.870478 0.484418 0.635329 0.842417
0.69034 -0.414577 0.635329 0.842417
0.870478 0.484418 0.635329 0.842417
0.69034 -0.414577 0.635329 0.842417
0.870478 0.484418 0.635329 0.842417
0.69034 -0.414577 0.635329 0.842417
0.870478 0.484418 0.635329 0.842417
0.69034 -0.414577 0.635329 0.842417
0.870478 0.484418 0.635329 0.842417
0.69034 -0.414577 0.635329 0.842417
0.870478 0.484418 0.635329 0.842417
0.69034 -0.414577 0.635329 0.842417
0.870478 0.484418 0.635329 0.842417
0.69034 -0.414577 0.635329 0.842417
0.870478 0.484418 0.635329 0.842417
0.690408 -0.414556 0.635329 0.842417
0.870428 0.484489 0.635329 0.842417
0.690437 -0.414524 0.635329 0.842417
0.864305 0.485459 0.627329 0.843417
0.68545 -0.413548 0.627329 0.843417
0.86477 0.485715 0.627329 0.843417
0.681952 -0.413117 0.621329 0.843417
0.861343 0.485644 0.621329 0.843417
0.682114 -0.413257 0.621329 0.843417
0.861708 0.485263 0.621329 0.843417
0.681624 -0.413544 0.621329 0.843417
0.8617 0.485012 0.621329 0.843417
0.681502 -0.413657 0.621329 0.843417
0.861674 0.484955 0.621329 0.843417
0.681481 -0.41368 0.621329 0.843417
0.861684 0.484948 0.621329 0.843417
0.681484 -0.413682 0.621329 0.843417
0.861663 0.48495 0.621329 0.843417
0.681477 -0.413682 0.621329 0.843417
0.861674 0.484938 0.621329 0.843417
0.681475 -0.413686 0.621329 0.843417
0.861663 0.484945 0.621329 0.843417
0.681477 -0.413683 0.621329 0.843417
0.861662 0.484947 0.621329 0.843417
0.681477 -0.413682 0.621329 0.843417
0.861682 0.484948 0.621329 0.843417
0.681484 -0.413682 0.621329 0.843417
0.861674 0.48494 0.621329 0.843417
0.681475 -0.413686 0.621329 0.843417
0.861674 0.484935 0.621329 0.843417
0.681475 -0.413687 0.621329 0.843417
0.861663 0.484945 0.621329 0.843417
0.681477 -0.413683 0.621329 0.843417
0.861681 0.484947 0.621329 0.843417
0.681484 -0.413682 0.621329 0.843417
0.861527 0.485065 0.621329 0.843417
0.681694 -0.413576 0.621329 0.843417
0.861518 0.485174 0.621329 0.843417
0.67592 -0.411471 0.611329 0.845417
0.854515 0.487409 0.611329 0.845417
0.675818 -0.411672 0.611329 0.845417
0.854604 0.487111 0.611329 0.845417
0.672044 -0.41077 0.605329 0.846417
0.85113 0.487523 0.605329 0.846417
0.67182 -0.411186 0.605329 0.846417
0.851588 0.486872 0.605329 0.846417
0.671543 -0.411492 0.605329 0.846417
0.851567 0.486674 0.605329 0.846417
0.671462 -0.411562 0.605329 0.846417
0.851543 0.486644 0.605329 0.846417
0.671456 -0.411584 0.605329 0.846417
0.851531 0.486645 0.605329 0.846417
0.671454 -0.411585 0.605329 0.846417
0.85154 0.486636 0.605329 0.846417
0.671452 -0.411588 0.605329 0.846417
0.85154 0.486634 0.605329 0.846417
0.671452 -0.411589 0.605329 0.846417
0.851528 0.486644 0.605329 0.846417
0.671453 -0.411585 0.605329 0.846417
0.851527 0.486647 0.605329 0.846417
0.671454 -0.411584 0.605329 0.846417
0.851527 0.486647 0.605329 0.846417
0.671453 -0.411584 0.605329 0.846417
0.851527 0.486647 0.605329 0.846417
0.671453 -0.411584 0.605329 0.846417
0.851527 0.486647 0.605329 0.846417
0.671453 -0.411584 0.605329 0.846417
0.851527 0.486647 0.605329 0.846417
0.671578 -0.413388 0.605359 0.843633
0.851623 0.482455 0.60539 0.84084
0.674261 -0.42126 0.609455 0.833928
0.854385 0.471858 0.60952 0.828039
0.673874 -0.431993 0.609586 0.822103
0.862832 0.461823 0.621601 0.81774
0.681415 -0.438423 0.621615 0.816382
0.861891 0.458821 0.621631 0.815015
0.681327 -0.440186 0.621646 0.81363
0.864599 0.457723 0.625647 0.812565
0.684033 -0.44106 0.625647 0.812499
0.86435 0.457665 0.625647 0.812499
0.684015 -0.441057 0.625647 0.812499
0.864383 0.457666 0.625647 0.812499
0.684042 -0.44105 0.625647 0.812499
0.864384 0.457661 0.625647 0.812499
0.68404 -0.441051 0.625647 0.812499
0.864387 0.457657 0.625647 0.812499
0.684041 -0.441052 0.625647 0.812499
0.864388 0.457657 0.625647 0.812499
0.684041 -0.441052 0.625647 0.812499
0.864377 0.457667 0.625647 0.812499
0.684043 -0.441048 0.625647 0.812499
0.864376 0.457669 0.625647 0.812499
0.684044 -0.441047 0.625647 0.812499
0.864376 0.45767 0.625647 0.812499
0.684062 -0.441054 0.625647 0.812499
0.864383 0.457668 0.625647 0.812499
0.684061 -0.441056 0.625647 0.812499
0.864382 0.457668 0.625647 0.812499
0.684042 -0.441049 0.625647 0.812499
0.864394 0.45767 0.625647 0.812499
0.684049 -0.441047 0.625647 0.812499
0.864387 0.457662 0.625647 0.812499
0.684041 -0.44105 0.625647 0.812499
0.864376 0.457668 0.625647 0.812499
0.684043 -0.441048 0.625647 0.812499
0.864395 0.45767 0.625647 0.812499
0.68405 -0.441046 0.625647 0.812499
0.864388 0.457662 0.625647 0.812499
0.684042 -0.44105 0.625647 0.812499
0.864388 0.457658 0.625647 0.812499
0.684041 -0.441052 0.625647 0.812499
0.864377 0.457667 0.625647 0.812499
0.684043 -0.441048 0.625647 0.812499
0.864376 0.457669 0.625647 0.812499
0.684044 -0.441047 0.625647 0.812499
0.864376 0.45767 0.625647 0.812499
0.684062 -0.441054 0.625647 0.812499
0.864382 0.457668 0.625647 0.812499
0.684061 -0.441056 0.625647 0.812499
0.864382 0.457668 0.625647 0.812499
0.683283 -0.441005 0.624499 0.812486
0.862489 0.457669 0.623356 0.812474
0.678325 -0.441555 0.6181 0.811427
0.854407 0.457105 0.613842 0.81138
0.672625 -0.441684 0.609574 0.811333
0.849938 0.45682 0.605287 0.811286
0.664159 -0.457827 0.597811 0.787181
0.834799 0.443267 0.588384 0.787078
0.644097 -0.455085 0.578961 0.786974
0.915517 0.493067 0.682009 0.859635
0.760169 -0.410188 0.672504 0.85953
0.93189 0.487019 0.662963 0.859425
0.749333 -0.427172 0.653435 0.83732
0.914482 0.473819 0.643854 0.837214
0.734958 -0.425469 0.6343 0.837109
0.904671 0.473125 0.624774 0.837004
0.718461 -0.445898 0.614225 0.806899
0.885751 0.456007 0.604438 0.806791
0.78011 -0.400154 0.701995 0.877347
0.98824 0.490666 0.692499 0.877243
0.812364 -0.404988 0.682983 0.877138
0.982723 0.48116 0.673419 0.855033
0.801035 -0.415078 0.663625 0.854925
0.965701 0.484976 0.6541 0.85482
0.782697 -0.434488 0.644573 0.824715
0.947288 0.467681 0.635034 0.82461
0.761419 -0.431221 0.625392 0.824504
0.927267 0.452617 0.614817 0.801398
0.740714 -0.444834 0.605261 0.801293
0.908575 0.434133 0.595682 0.770187
0.720503 -0.462685 0.586173 0.770083
0.891776 0.435986 0.576563 0.769977
0.705959 -0.463109 0.567055 0.769872
0.982979 0.485296 0.672159 0.843533
0.826983 -0.417551 0.662578 0.843428
0.999351 0.479622 0.65305 0.843323
0.8163 -0.435067 0.643511 0.820218
0.982007 0.465931 0.633886 0.820112
0.795627 -0.43286 0.624262 0.820006
0.962125 0.445785 0.614733 0.788901
0.775238 -0.451011 0.605176 0.788796
0.950826 0.448225 0.595666 0.788691
0.830834 -0.423693 0.66578 0.834934
1.03242 0.469533 0.656183 0.834828
0.848328 -0.445803 0.645595 0.805722
1.0177 0.456984 0.63609 0.805618
0.830835 -0.440712 0.626523 0.805512
0.998986 0.438254 0.617898 0.774406
0.818286 -0.458838 0.608395 0.774302
0.990962 0.44007 0.598836 0.774196
0.800621 -0.458468 0.589238 0.774091
1.07415 0.494159 0.695209 0.853751
0.919243 -0.409681 0.685625 0.853645
1.09016 0.487566 0.676076 0.85354
0.908941 -0.428021 0.66648 0.829434
1.07268 0.473442 0.656909 0.829329
0.889711 -0.449981 0.647363 0.793224
1.05432 0.452712 0.637731 0.793118
0.873738 -0.446531 0.628172 0.793012
1.04493 0.451823 0.618561 0.792906
0.857147 -0.462445 0.608967 0.769801
1.02658 0.438423 0.599433 0.769696
0.836531 -0.459983 0.589914 0.769591
1.10907 0.487008 0.69601 0.840252
0.954708 -0.41634 0.686494 0.840147
1.12561 0.481004 0.676941 0.840042
0.944519 -0.433338 0.668379 0.817937
1.10893 0.467779 0.658778 0.817831
0.930193 -0.431626 0.649213 0.817726
1.09914 0.467108 0.639668 0.81762
0.914126 -0.44666 0.630112 0.795515
1.08079 0.454521 0.620606 0.795411
0.894473 -0.469226 0.610091 0.758306
1.0622 0.43334 0.600555 0.758201
0.872675 -0.465224 0.590973 0.758095
1.14734 0.487472 0.699075 0.837756
0.992236 -0.416698 0.689538 0.837651
1.16333 0.480436 0.679972 0.837546
0.981246 -0.439255 0.669433 0.807441
1.152 0.463103 0.659925 0.807336
0.969682 -0.435931 0.650408 0.807231
1.13612 0.462775 0.640865 0.807126
0.952881 -0.456947 0.63424 0.77702
1.11948 0.44496 0.624673 0.776915
0.931532 -0.453796 0.615112 0.77681
1.10014 0.430615 0.605598 0.754705
0.91161 -0.466835 0.59607 0.7546
1.17753 0.484865 0.684367 0.832054
1.02004 -0.419171 0.674864 0.831949
1.18976 0.458881 0.665328 0.801844
1.00833 -0.438518 0.655747 0.801739
1.17382 0.460842 0.646178 0.801633
0.988937 -0.458908 0.636654 0.771529
1.15527 0.442995 0.627149 0.771424
0.967473 -0.455884 0.617621 0.771319
1.13641 0.423409 0.60907 0.741214
0.948191 -0.473622 0.599494 0.741108
1.21424 0.479501 0.686643 0.820561
1.05642 -0.424678 0.677125 0.820456
1.22563 0.452559 0.666622 0.789351
1.04361 -0.444719 0.657098 0.789246
1.20968 0.454575 0.647386 0.789139
1.02412 -0.465106 0.637848 0.759034
1.19113 0.436718 0.628335 0.75893
1.00263 -0.462091 0.618777 0.758824
0.905635 0.46026 0.187198 0.811071
0.602888 -0.439437 0.177677 0.810966
0.770054 0.457068 0.168121 0.81086
0.901303 -0.474647 0.658575 0.788755
1.21445 0.427948 0.648983 0.78865
1.0488 -0.473549 0.639412 0.758544
1.23117 0.434324 0.629891 0.758439
1.04824 -0.461768 0.620371 0.758335
1.21717 0.437453 0.610843 0.75823
0.772453 -0.411059 0.189733 0.80658
0.83255 0.482022 0.180225 0.806475
0.636372 -0.428976 0.170719 0.806371
0.799244 0.467005 0.161213 0.806266
0.6142 -0.45381 0.151662 0.776161
0.779824 0.448356 0.142104 0.776056
0.594319 -0.470126 0.131577 0.746951
1.10853 0.444476 0.622006 0.746845
1.06279 -0.455387 0.612512 0.746741
1.23551 0.427023 0.603001 0.723636
1.05891 -0.475045 0.593468 0.723531
1.22602 0.421072 0.583966 0.723426
0.797656 -0.415074 0.190855 0.794085
0.875473 0.474757 0.181332 0.79398
0.674105 -0.435232 0.171782 0.793875
0.836417 0.460697 0.162157 0.793769
0.650678 -0.454639 0.153633 0.771664
0.817136 0.446606 0.144044 0.771559
0.630694 -0.452274 0.134521 0.771454
0.797015 0.428067 0.124992 0.742349
0.610707 -0.46906 0.115354 0.742243
0.874757 0.478087 0.212134 0.811801
0.719771 -0.425762 0.20261 0.811696
0.895963 0.472167 0.193084 0.811591
0.716963 -0.427679 0.183531 0.811486
0.880124 0.456618 0.173978 0.788381
0.69807 -0.441447 0.16447 0.788276
0.861388 0.4389 0.154935 0.758171
0.677836 -0.45865 0.145337 0.758065
0.844355 0.440721 0.135757 0.75796
0.657418 -0.479003 0.12522 0.727855
0.825342 0.422766 0.115671 0.72775
0.636012 -0.476007 0.106107 0.727644
0.906385 0.476828 0.19975 0.807202
0.752227 -0.427296 0.190216 0.807097
0.922457 0.469997 0.180717 0.806992
0.741767 -0.449813 0.171141 0.776886
0.905088 0.452378 0.161526 0.77678
0.722624 -0.467082 0.153009 0.746676
0.886702 0.435004 0.143486 0.746571
0.699262 -0.464033 0.133923 0.746465
0.874217 0.434782 0.124392 0.74636
0.689057 -0.479244 0.114686 0.724254
0.858125 0.421589 0.105175 0.724149
0.668198 -0.477064 0.0956556 0.724044
0.936998 0.470536 0.199703 0.795705
0.782421 -0.432984 0.190155 0.7956
0.952156 0.450323 0.180638 0.773495
0.777201 -0.448011 0.171109 0.77339
0.944913 0.451115 0.161571 0.773285
0.759915 -0.447994 0.152025 0.77318
0.924875 0.431563 0.142446 0.743074
0.740181 -0.465509 0.132925 0.742969
0.907515 0.433777 0.123376 0.742864
0.720738 -0.485676 0.113856 0.712759
0.889171 0.415984 0.104161 0.712652
0.699466 -0.482605 0.0946096 0.712547
0.971987 0.474613 0.199693 0.799208
0.823341 -0.43027 0.190138 0.799103
0.996782 0.466816 0.180626 0.798998
0.815343 -0.432288 0.171098 0.798893
0.977301 0.443047 0.160489 0.761787
0.795961 -0.45367 0.150932 0.761682
0.960064 0.4262 0.142406 0.730577
0.775889 -0.471182 0.132862 0.730472
0.943224 0.427872 0.12333 0.730367
0.755598 -0.486287 0.113835 0.708263
0.924715 0.414322 0.104308 0.708158
0.734541 -0.484268 0.0947053 0.708052
1.00701 0.462029 0.190185 0.777607
0.852887 -0.441227 0.180644 0.777502
1.02394 0.456125 0.171037 0.777396
0.842073 -0.458863 0.161429 0.75429
1.00659 0.442295 0.151905 0.754186
0.821286 -0.456698 0.142409 0.754081
0.986714 0.423409 0.132907 0.724976
0.801432 -0.473739 0.123373 0.724871
0.967739 0.406106 0.112754 0.694765
0.780421 -0.490887 0.103235 0.69466
0.950955 0.40782 0.0935516 0.694554
0.7658 -0.491366 0.083978 0.694448
1.01742 0.453487 0.154703 0.763797
0.854664 -0.448782 0.145183 0.763692
1.02643 0.44838 0.135671 0.763588
0.846629 -0.470187 0.131257 0.734528
1.01618 0.43163 0.125843 0.734468
0.833931 -0.466977 0.120452 0.734407
1.00961 0.431753 0.115043 0.734347
0.830872 -0.476124 0.113911 0.721322
1.00662 0.423854 0.111811 0.721299
0.827007 -0.47355 0.111811 0.723299
1.00618 0.424795 0.111811 0.723299
0.826643 -0.473941 0.111811 0.723299
1.00611 0.424619 0.111811 0.723299
0.826616 -0.473995 0.111811 0.723299
1.00608 0.424617 0.111811 0.723299
0.826624 -0.474005 0.111811 0.723299
1.00608 0.424615 0.111811 0.723299
0.826621 -0.473994 0.111811 0.723299
1.0061 0.424622 0.111811 0.723299
0.82663 -0.47399 0.111811 0.723299
1.00609 0.424615 0.111811 0.723299
0.826623 -0.473993 0.111811 0.723299
1.00609 0.424611 0.111811 0.723299
0.826623 -0.473994 0.111811 0.723299
1.00609 0.42461 0.111811 0.723299
0.826641 -0.474002 0.111811 0.723299
1.0061 0.424608 0.111811 0.723299
0.826622 -0.473996 0.111811 0.723299
1.0061 0.42462 0.111811 0.723299
0.82663 -0.47399 0.111811 0.723299
1.00608 0.424625 0.111811 0.723299
0.826625 -0.473989 0.111811 0.723299
1.00608 0.424624 0.111811 0.723299
0.826627 -0.474002 0.111811 0.723299
1.0061 0.424617 0.111811 0.723299
0.826628 -0.473993 0.111811 0.723299
1.00608 0.424624 0.111811 0.723299
0.826624 -0.47399 0.111811 0.723299
1.0061 0.424624 0.111811 0.723299
0.826631 -0.473989 0.111811 0.723299
1.00608 0.424626 0.111811 0.723299
0.826628 -0.474002 0.111811 0.723299
1.0061 0.424607 0.111811 0.723299
0.82662 -0.473997 0.111811 0.723299
1.0061 0.42462 0.111811 0.723299
0.82663 -0.473991 0.111811 0.723299
1.00609 0.424615 0.111811 0.723299
0.826623 -0.473993 0.111811 0.723299
1.0061 0.424621 0.111811 0.723299
0.826631 -0.47399 0.111811 0.723299
1.00608 0.424625 0.111811 0.723299
0.826625 -0.473989 0.111811 0.723299
1.0061 0.424624 0.111811 0.723299
0.826631 -0.473989 0.111811 0.723299
1.0061 0.424626 0.111811 0.723299
0.826631 -0.473989 0.111811 0.723299
1.00608 0.424626 0.111811 0.723299
0.826625 -0.473989 0.111811 0.723299
1.00609 0.424613 0.111811 0.723299
0.826623 -0.473993 0.111811 0.723299
1.0061 0.424621 0.111811 0.723299
0.826631 -0.47399 0.111811 0.723299
1.00608 0.424625 0.111811 0.723299
0.826628 -0.474002 0.111811 0.723299
1.0061 0.424606 0.111811 0.723299
0.82662 -0.473997 0.111811 0.723299
1.00609 0.424609 0.111811 0.723299
0.82664 -0.474003 0.111811 0.723299
1.00611 0.424618 0.111811 0.723299
0.82663 -0.473992 0.111811 0.723299
1.00608 0.424625 0.111811 0.723299
0.826624 -0.473989 0.111811 0.723299
1.00609 0.424613 0.111811 0.723299
0.826623 -0.473993 0.111811 0.723299
1.0061 0.424621 0.111811 0.723299
0.826631 -0.47399 0.111811 0.723299
1.00608 0.424625 0.111811 0.723299
0.826628 -0.474002 0.111811 0.723299
1.0061 0.424606 0.111811 0.723299
0.82662 -0.473997 0.111811 0.723299
1.00609 0.424609 0.111811 0.723299
0.82664 -0.474003 0.111811 0.723299
1.00611 0.424618 0.111811 0.723299
0.82663 -0.473992 0.111811 0.723299
1.00608 0.424625 0.111811 0.723299
0.826624 -0.473989 0.111811 0.723299
1.00609 0.424613 0.111811 0.723299
0.826623 -0.473993 0.111811 0.723299
1.0061 0.424621 0.111811 0.723299
0.826631 -0.47399 0.111811 0.723299
1.00608 0.424625 0.111811 0.723299
0.826628 -0.474002 0.111811 0.723299
1.0061 0.424606 0.111811 0.723299
0.82662 -0.473997 0.111811 0.723299
1.00609 0.424609 0.111811 0.723299
0.82664 -0.474003 0.111811 0.723299
1.00611 0.424618 0.111811 0.723299
0.82663 -0.473992 0.111811 0.723299
1.00608 0.424625 0.111811 0.723299
0.826624 -0.473989 0.111811 0.723299
1.00609 0.424613 0.111811 0.723299
0.826623 -0.473993 0.111811 0.723299
1.0061 0.424621 0.111811 0.723299
0.826631 -0.47399 0.111811 0.723299
1.00608 0.424625 0.111811 0.723299
0.826628 -0.474002 0.111811 0.723299
1.0061 0.424606 0.111811 0.723299
0.82662 -0.473997 0.111811 0.723299
1.00609 0.424609 0.111811 0.723299
0.82664 -0.474003 0.111811 0.723299
1.00611 0.424618 0.111811 0.723299
0.82663 -0.473992 0.111811 0.723299
1.00608 0.424625 0.111811 0.723299
0.826624 -0.473989 0.111811 0.723299
1.00609 0.424613 0.111811 0.723299
0.826623 -0.473993 0.111811 0.723299
1.0061 0.424621 0.111811 0.723299
0.826631 -0.47399 0.111811 0.723299
1.00608 0.424625 0.111811 0.723299
0.826628 -0.474002 0.111811 0.723299
1.0061 0.424606 0.111811 0.723299
0.82662 -0.473997 0.111811 0.723299
1.00609 0.424609 0.111811 0.723299
0.82664 -0.474003 0.111811 0.723299
1.00611 0.424618 0.111811 0.723299
0.82663 -0.473992 0.111811 0.723299
1.00608 0.424625 0.111811 0.723299
0.826624 -0.473989 0.111811 0.723299
1.00609 0.424613 0.111811 0.723299
0.826623 -0.473993 0.111811 0.723299
1.0061 0.424621 0.111811 0.723299
0.826631 -0.47399 0.111811 0.723299
1.00608 0.424625 0.111811 0.723299
0.826628 -0.474002 0.111811 0.723299
1.0061 0.424606 0.111811 0.723299
0.82662 -0.473997 0.111811 0.723299
1.00609 0.424609 0.111811 0.723299
0.82664 -0.474003 0.111811 0.723299
1.00611 0.424618 0.111811 0.723299
0.82663 -0.473992 0.111811 0.723299
1.00608 0.424625 0.111811 0.723299
0.826624 -0.473989 0.111811 0.723299
1.00609 0.424613 0.111811 0.723299
0.826623 -0.473993 0.111811 0.723299
1.0061 0.424621 0.111811 0.723299
0.826631 -0.47399 0.111811 0.723299
1.00608 0.424625 0.111811 0.723299
0.826628 -0.474002 0.111811 0.723299
1.0061 0.424606 0.111811 0.723299
0.82662 -0.473997 0.111811 0.723299
1.00609 0.424609 0.111811 0.723299
0.82664 -0.474003 0.111811 0.723299
1.00611 0.424618 0.111811 0.723299
0.82663 -0.473992 0.111811 0.723299
1.00608 0.424625 0.111811 0.723299
0.826624 -0.473989 0.111811 0.723299
1.00609 0.424613 0.111811 0.723299
0.826623 -0.473993 0.111811 0.723299
1.0061 0.424621 0.111811 0.723299
0.826631 -0.47399 0.111811 0.723299
1.00608 0.424625 0.111811 0.723299
0.826628 -0.474002 0.111811 0.723299
1.0061 0.424606 0.111811 0.723299
0.82662 -0.473997 0.111811 0.723299
1.00609 0.424609 0.111811 0.723299
0.82664 -0.474003 0.111811 0.723299
1.00611 0.424618 0.111811 0.723299
0.82663 -0.473992 0.111811 0.723299
1.00608 0.424625 0.111811 0.723299
0.826624 -0.473989 0.111811 0.723299
1.00609 0.424613 0.111811 0.723299
0.826623 -0.473993 0.111811 0.723299
1.0061 0.424621 0.111811 0.723299
0.826631 -0.47399 0.111811 0.723299
1.00608 0.424625 0.111811 0.723299
0.826628 -0.474002 0.111811 0.723299
1.0061 0.424606 0.111811 0.723299
0.82662 -0.473997 0.111811 0.723299
1.00609 0.424609 0.111811 0.723299
0.82664 -0.474003 0.111811 0.723299
1.00611 0.424618 0.111811 0.723299
0.82663 -0.473992 0.111811 0.723299
1.00608 0.424625 0.111811 0.723299
0.826624 -0.473989 0.111811 0.723299
1.00609 0.424613 0.111811 0.723299
0.826623 -0.473993 0.111811 0.723299
1.0061 0.424621 0.111811 0.723299
0.826631 -0.47399 0.111811 0.723299
1.00608 0.424625 0.111811 0.723299
0.826628 -0.474002 0.111811 0.723299
1.0061 0.424606 0.111811 0.723299
0.82662 -0.473997 0.111811 0.723299
1.00609 0.424609 0.111811 0.723299
0.82664 -0.474003 0.111811 0.723299
1.00611 0.424618 0.111811 0.723299
0.82663 -0.473992 0.111811 0.723299
1.00608 0.424625 0.111811 0.723299
0.826624 -0.473989 0.111811 0.723299
1.00609 0.424613 0.111811 0.723299
0.826623 -0.473993 0.111811 0.723299
1.0061 0.424621 0.111811 0.723299
0.826631 -0.47399 0.111811 0.723299
1.00608 0.424625 0.111811 0.723299
0.826628 -0.474002 0.111811 0.723299
1.0061 0.424606 0.111811 0.723299
0.82662 -0.473997 0.111811 0.723299
1.00609 0.424609 0.111811 0.723299
0.82664 -0.474003 0.111811 0.723299
1.00611 0.424618 0.111811 0.723299
0.82663 -0.473992 0.111811 0.723299
1.00608 0.424625 0.111811 0.723299
0.826624 -0.473989 0.111811 0.723299
1.00609 0.424613 0.111811 0.723299
0.826623 -0.473993 0.111811 0.723299
1.0061 0.424621 0.111811 0.723299
0.826631 -0.47399 0.111811 0.723299
1.00608 0.424625 0.111811 0.723299
0.826665 -0.474542 0.11182 0.722454
1.00612 0.423354 0.11183 0.721612
0.826623 -0.476042 0.11184 0.720772
1.0061 0.420545 0.111884 0.71788
0.826666 -0.481613 0.111928 0.713996
1.018 0.411588 0.129038 0.706382
0.837529 -0.49667 0.129147 0.69682
1.01712 0.393304 0.129255 0.687312
0.815152 -0.515904 0.114367 0.677522
0.994674 0.374378 0.114477 0.667848
0.814431 -0.534256 0.114587 0.65817
0.994672 0.362085 0.114698 0.648471
0.776033 -0.544868 0.0858093 0.639704
0.954868 0.346899 0.0859196 0.630023
0.799801 -0.45158 0.0846067 0.726841
0.978695 0.473829 0.0847176 0.717106
0.813253 -0.425337 0.0848296 0.707285
1.00259 0.46687 0.107941 0.697517
0.824779 -0.442389 0.108052 0.68777
1.02173 0.447623 0.136163 0.679067
0.840529 -0.455746 0.136274 0.669333
1.01914 0.436081 0.136385 0.659585
0.840804 -0.471913 0.136495 0.649879
0.997462 0.418693 0.120607 0.640109
0.817616 -0.490723 0.120717 0.630425
0.99627 0.399658 0.120829 0.620633
0.77859 -0.510558 0.0919409 0.610796
0.956876 0.380539 0.0920515 0.601094
0.80045 -0.418767 0.0877385 0.696917
0.979007 0.512655 0.0878491 0.687215
0.814398 -0.384456 0.0879599 0.677489
1.00595 0.508636 0.116072 0.667648
0.828912 -0.400767 0.116183 0.657953
1.00537 0.488102 0.116293 0.648238
0.844169 -0.421555 0.143404 0.638528
1.02188 0.468231 0.143515 0.628761
0.842805 -0.440207 0.143627 0.618993
0.984932 0.451204 0.115737 0.610311
0.80508 -0.458826 0.115848 0.600603
0.946496 0.432574 0.0879584 0.590896
0.766544 -0.471821 0.0880687 0.581222
0.944139 0.421995 0.088179 0.571543
0.767217 -0.487433 0.0882897 0.561835
0.978081 0.184655 0.103868 0.164174
0.807369 -0.808271 0.10398 0.154351
1.00219 0.0486356 0.104091 0.144633
0.810557 -0.523565 0.131203 0.635841
0.986923 0.48957 0.131313 0.626117
0.845605 -0.388579 0.131424 0.616415
1.00814 0.519701 0.131535 0.606704
0.848604 -0.389099 0.147647 0.59682
1.02078 0.50143 0.147759 0.587048
0.805178 -0.409744 0.11887 0.577282
0.981457 0.480776 0.118981 0.567542
0.803341 -0.428695 0.119092 0.557841
0.944461 0.463047 0.0912023 0.548137
0.765555 -0.447618 0.091313 0.538426
0.942676 0.444022 0.0914238 0.528704
0.819478 -0.687347 0.0980153 0.141765
1.00749 0.129468 0.0979261 0.131984
0.806779 -0.793431 0.0978374 0.122262
1.01473 0.0889817 0.125748 0.113475
0.827361 -0.81799 0.125659 0.103758
1.00923 0.0715103 0.12557 0.0940125
0.842776 -0.836303 0.146482 0.0842841
1.0222 0.0538894 0.146393 0.0745739
0.842514 -0.854064 0.146304 0.064795
0.98798 0.0367835 0.121215 0.0550534
0.787475 -0.534212 0.121126 0.54529
0.923496 0.483591 0.0940368 0.535523
0.782669 -0.39795 0.0939482 0.525812
0.944373 0.511262 0.0938595 0.516089
0.775292 -0.398728 0.0937702 0.506304
0.971873 0.252697 0.0950168 0.0759599
0.801021 -0.742131 0.0949283 0.0662637
1.01699 0.113104 0.12384 0.0545499
0.822704 -0.799858 0.123751 0.0447858
1.00943 0.086891 0.123661 0.0350091
0.82919 -0.821434 0.136573 0.0242676
1.01134 0.0689011 0.136483 0.0144605
0.829245 -0.838671 0.136395 0.00477385
1.01113 0.0575038 0.136306 -0.00497102
0.801925 -0.849929 0.115215 -0.0158973
0.982135 0.0415203 0.115127 -0.0256033
0.76205 -0.868977 0.0860368 -0.0364408
0.942414 0.0224318 0.085948 -0.0461783
0.741197 -0.548136 0.0858589 0.444057
0.948163 0.230865 0.100105 0.0177025
0.811473 -0.733168 0.100016 0.00795613
1.01009 0.136352 0.121928 -0.00172191
0.824399 -0.778603 0.121839 -0.0114508
1.00872 0.113569 0.121751 -0.0211499
0.824368 -0.791854 0.121662 -0.0309047
1.00486 0.0986421 0.127573 -0.0406156
0.820272 -0.809966 0.127485 -0.0503233
1.0027 0.0799411 0.127396 -0.0600195
0.782378 -0.83016 0.0993074 -0.0697481
0.964491 0.0600627 0.0992188 -0.0794607
0.751739 -0.850396 0.0771302 -0.0901756
0.933966 0.040923 0.0770405 -0.099997
0.751205 -0.868627 0.0769521 -0.109686
0.933927 0.0284614 0.0768626 -0.119501
0.800559 -0.759868 0.0941974 -0.0111778
0.98009 0.168366 0.0941088 -0.020889
0.812569 -0.730426 0.0940198 -0.0306452
1.00205 0.163165 0.113931 -0.0384253
0.821583 -0.746206 0.113842 -0.0481226
1.00162 0.1423 0.113753 -0.0578366
0.823449 -0.766408 0.126665 -0.0665631
1.0046 0.123022 0.126575 -0.076349
0.784349 -0.784996 0.0984861 -0.0841365
0.965703 0.105397 0.0983978 -0.0938143
0.783274 -0.797019 0.0983091 -0.103536
0.964649 0.0960956 0.0982196 -0.113344
0.746716 -0.81353 0.0701303 -0.123131
0.926952 0.0780008 0.0700416 -0.132851
0.745569 -0.831484 0.069953 -0.142559
0.978577 0.169033 0.0782884 -0.0271734
0.800991 -0.695873 0.0781988 -0.0369916
0.975555 0.207243 0.0781104 -0.0466834
0.818738 -0.698428 0.106021 -0.0564716
0.995243 0.191697 0.105933 -0.0661649
0.815351 -0.716338 0.105844 -0.0758376
0.995239 0.178755 0.105756 -0.0855324
0.823594 -0.727946 0.123666 -0.0953547
1.00254 0.162789 0.123577 -0.105113
0.795291 -0.745529 0.103488 -0.113853
0.97479 0.145 0.103399 -0.123624
0.794696 -0.763698 0.10331 -0.13343
0.93918 0.128277 0.0762211 -0.14214
0.758172 -0.782234 0.0761325 -0.151855
0.937218 0.108849 0.0760437 -0.161579
0.787519 -0.307193 0.073292 -0.0657452
0.964665 0.24263 0.073203 -0.0754998
0.799846 -0.335646 0.0731144 -0.0852022
0.991998 0.236853 0.101026 -0.0939486
0.813995 -0.317041 0.100937 -0.103641
1.00046 0.216492 0.118848 -0.113392
0.819844 -0.296642 0.118758 -0.123237
0.998222 0.196466 0.118669 -0.132973
0.780336 -0.276153 0.0895809 -0.14267
0.958577 0.176773 0.089492 -0.152417
0.778768 -0.263936 0.0894035 -0.162116
0.957519 0.167214 0.0893149 -0.171831
0.742124 -0.24729 0.0612265 -0.181513
0.919784 0.149073 0.0611376 -0.191253
0.786294 0.652357 0.0714086 0.0989343
0.962932 0.26423 0.071342 0.106231
0.798381 0.621016 0.0712748 0.113592
0.983292 0.263554 0.0892388 0.11754
0.806175 0.628466 0.0892028 0.121485
0.98373 0.256115 0.0902028 0.121485
0.805126 0.631206 0.0902028 0.121485
0.983286 0.255029 0.0902028 0.121485
0.805015 0.631541 0.0902028 0.121485
0.983162 0.254979 0.0902028 0.121485
0.80504 0.631541 0.0902028 0.121485
0.983167 0.255 0.0902028 0.121485
0.80506 0.631529 0.0902028 0.121485
0.983149 0.25501 0.0902028 0.121485
0.805057 0.631526 0.0902028 0.121485
0.983169 0.25501 0.0902028 0.121485
0.805064 0.631525 0.0902028 0.121485
0.983162 0.255001 0.0902028 0.121485
0.805074 0.631537 0.0902028 0.121485
0.983157 0.255005 0.0902028 0.121485
0.805056 0.631528 0.0902028 0.121485
0.98315 0.255009 0.0902028 0.121485
0.805057 0.631526 0.0902028 0.121485
0.983169 0.255009 0.0902028 0.121485
0.805064 0.631525 0.0902028 0.121485
0.98315 0.255011 0.0902028 0.121485
0.805058 0.631525 0.0902028 0.121485
0.983169 0.25501 0.0902028 0.121485
0.805064 0.631525 0.0902028 0.121485
0.98315 0.255012 0.0902028 0.121485
0.805058 0.631525 0.0902028 0.121485
0.983162 0.254999 0.0902028 0.121485
0.805059 0.631542 0.0902028 0.121485
0.983167 0.25499 0.0902028 0.121485
0.805052 0.631534 0.0902028 0.121485
0.983169 0.255005 0.0902028 0.121485
0.805062 0.631527 0.0902028 0.121485
0.98315 0.255011 0.0902028 0.121485
0.805057 0.631525 0.0902028 0.121485
0.98315 0.25501 0.0902028 0.121485
0.805057 0.631525 0.0902028 0.121485
0.983162 0.254999 0.0902028 0.121485
0.805056 0.631529 0.0902028 0.121485
0.98317 0.255007 0.0902028 0.121485
0.805064 0.631526 0.0902028 0.121485
0.98317 0.255011 0.0902028 0.121485
0.805064 0.631525 0.0902028 0.121485
0.983162 0.255002 0.0902028 0.121485
0.805056 0.631529 0.0902028 0.121485
0.98317 0.255008 0.0902028 0.121485
0.805063 0.631526 0.0902028 0.121485
0.983169 0.255011 0.0902028 0.121485
0.805839 0.633644 0.0911738 0.124658
0.983949 0.252148 0.0911447 0.127854
0.805702 0.636655 0.0911157 0.131027
0.98383 0.247133 0.0910867 0.134204
0.814202 0.645128 0.104028 0.140681
0.992142 0.235883 0.103968 0.147189
0.813351 0.65704 0.103909 0.153663
0.99718 0.227616 0.114881 0.157773
0.817424 0.665253 0.114852 0.160881
0.991842 0.222819 0.111849 0.161273
0.813259 0.667221 0.111845 0.161661
0.991436 0.221864 0.111842 0.162051
0.813481 0.667686 0.111842 0.162051
0.991442 0.2218 0.111842 0.162051
0.813579 0.667677 0.111842 0.162051
0.991449 0.221832 0.111842 0.162051
0.813603 0.667647 0.111842 0.162051
0.99145 0.22185 0.111842 0.162051
0.813613 0.667639 0.111842 0.162051
0.991453 0.221853 0.111842 0.162051
0.813615 0.667637 0.111842 0.162051
0.991454 0.221853 0.111842 0.162051
0.813634 0.667645 0.111842 0.162051
0.991461 0.221851 0.111842 0.162051
0.813633 0.667646 0.111842 0.162051
0.99146 0.221851 0.111842 0.162051
0.813632 0.667647 0.111842 0.162051
0.99146 0.221851 0.111842 0.162051
0.813613 0.667639 0.111842 0.162051
0.991453 0.221853 0.111842 0.162051
0.813617 0.66765 0.111842 0.162051
0.991458 0.221846 0.111842 0.162051
0.813614 0.667654 0.111842 0.162051
0.99145 0.221834 0.111842 0.162051
0.81362 0.667654 0.111842 0.162051
0.99146 0.221845 0.111842 0.162051
0.813613 0.667641 0.111842 0.162051
0.991454 0.221852 0.111842 0.162051
0.813615 0.667638 0.111842 0.162051
0.991462 0.221864 0.111842 0.162051
0.813626 0.667646 0.111842 0.162051
0.991458 0.221851 0.111842 0.162051
0.813614 0.667652 0.111842 0.162051
0.991457 0.221846 0.111842 0.162051
0.813628 0.667649 0.111842 0.162051
0.991451 0.221839 0.111842 0.162051
0.813607 0.667657 0.111842 0.162051
0.991458 0.221841 0.111842 0.162051
0.813613 0.667656 0.111842 0.162051
0.991458 0.221844 0.111842 0.162051
0.813628 0.66765 0.111842 0.162051
0.991459 0.22185 0.111842 0.162051
0.813616 0.667652 0.111842 0.162051
0.991458 0.221846 0.111842 0.162051
0.813613 0.667654 0.111842 0.162051
0.991457 0.221845 0.111842 0.162051
0.813628 0.66765 0.111842 0.162051
0.991459 0.22185 0.111842 0.162051
0.813615 0.667652 0.111842 0.162051
0.991457 0.221846 0.111842 0.162051
0.813628 0.667649 0.111842 0.162051
0.991459 0.22185 0.111842 0.162051
0.813631 0.667647 0.111842 0.162051
0.991459 0.221851 0.111842 0.162051
0.813631 0.667647 0.111842 0.162051
0.991459 0.221851 0.111842 0.162051
0.813613 0.667639 0.111842 0.162051
0.991453 0.221853 0.111842 0.162051
0.813632 0.667645 0.111842 0.162051
0.99146 0.221851 0.111842 0.162051
0.813614 0.667639 0.111842 0.162051
0.991454 0.221853 0.111842 0.162051
0.813617 0.66765 0.111842 0.162051
0.991459 0.221846 0.111842 0.162051
0.813629 0.667649 0.111842 0.162051
0.991459 0.22185 0.111842 0.162051
0.813616 0.667652 0.111842 0.162051
0.991458 0.221846 0.111842 0.162051
0.813613 0.667654 0.111842 0.162051
0.991457 0.221845 0.111842 0.162051
0.81361 0.667642 0.111842 0.162051
0.991452 0.221852 0.111842 0.162051
0.813632 0.667646 0.111842 0.162051
0.99146 0.221851 0.111842 0.162051
0.813632 0.667647 0.111842 0.162051
0.99146 0.221851 0.111842 0.162051
0.813632 0.667647 0.111842 0.162051
0.99146 0.221851 0.111842 0.162051
0.813616 0.667652 0.111842 0.162051
0.991458 0.221846 0.111842 0.162051
0.81361 0.667641 0.111842 0.162051
0.991453 0.221852 0.111842 0.162051
0.813616 0.667651 0.111842 0.162051
0.991458 0.221846 0.111842 0.162051
0.813629 0.667649 0.111842 0.162051
0.991459 0.22185 0.111842 0.162051
0.813631 0.667647 0.111842 0.162051
0.99146 0.221851 0.111842 0.162051
0.813616 0.667652 0.111842 0.162051
0.991458 0.221846 0.111842 0.162051
0.81361 0.667641 0.111842 0.162051
0.991453 0.221852 0.111842 0.162051
0.813616 0.667651 0.111842 0.162051
0.991458 0.221846 0.111842 0.162051
0.813629 0.667649 0.111842 0.162051
0.991459 0.22185 0.111842 0.162051
0.813631 0.667647 0.111842 0.162051
0.99146 0.221851 0.111842 0.162051
0.813616 0.667652 0.111842 0.162051
0.991458 0.221846 0.111842 0.162051
0.81361 0.667641 0.111842 0.162051
0.991453 0.221852 0.111842 0.162051
0.813616 0.667651 0.111842 0.162051
0.991458 0.221846 0.111842 0.162051
0.813629 0.667649 0.111842 0.162051
0.991459 0.22185 0.111842 0.162051
0.813631 0.667647 0.111842 0.162051
0.99146 0.221851 0.111842 0.162051
0.813616 0.667652 0.111842 0.162051
0.991458 0.221846 0.111842 0.162051
0.81361 0.667641 0.111842 0.162051
0.991453 0.221852 0.111842 0.162051
0.813616 0.667651 0.111842 0.162051
0.991458 0.221846 0.111842 0.162051
0.813629 0.667649 0.111842 0.162051
0.991459 0.22185 0.111842 0.162051
0.813631 0.667647 0.111842 0.162051
0.99146 0.221851 0.111842 0.162051
0.813616 0.667652 0.111842 0.162051
0.991458 0.221846 0.111842 0.162051
0.81361 0.667641 0.111842 0.162051
0.991453 0.221852 0.111842 0.162051
0.813616 0.667651 0.111842 0.162051
0.991458 0.221846 0.111842 0.162051
0.813629 0.667649 0.111842 0.162051
0.991459 0.22185 0.111842 0.162051
0.813631 0.667647 0.111842 0.162051
0.99146 0.221851 0.111842 0.162051
0.813616 0.667652 0.111842 0.162051
0.991458 0.221846 0.111842 0.162051
0.81361 0.667641 0.111842 0.162051
0.991453 0.221852 0.111842 0.162051
0.813616 0.667651 0.111842 0.162051
0.991458 0.221846 0.111842 0.162051
0.813629 0.667649 0.111842 0.162051
0.991459 0.22185 0.111842 0.162051
0.813631 0.667647 0.111842 0.162051
0.99146 0.221851 0.111842 0.162051
0.813616 0.667652 0.111842 0.162051
0.991458 0.221846 0.111842 0.162051
0.81361 0.667641 0.111842 0.162051
0.991453 0.221852 0.111842 0.162051
0.813616 0.667651 0.111842 0.162051
0.991458 0.221846 0.111842 0.162051
0.813629 0.667649 0.111842 0.162051
0.991459 0.22185 0.111842 0.162051
0.813631 0.667647 0.111842 0.162051
0.99146 0.221851 0.111842 0.162051
0.813616 0.667652 0.111842 0.162051
0.991458 0.221846 0.111842 0.162051
0.81361 0.667641 0.111842 0.162051
0.991453 0.221852 0.111842 0.162051
0.813616 0.667651 0.111842 0.162051
0.991458 0.221846 0.111842 0.162051
0.813629 0.667649 0.111842 0.162051
0.991459 0.22185 0.111842 0.162051
0.813631 0.667647 0.111842 0.162051
0.99146 0.221851 0.111842 0.162051
0.813616 0.667652 0.111842 0.162051
0.991458 0.221846 0.111842 0.162051
0.81361 0.667641 0.111842 0.162051
0.991453 0.221852 0.111842 0.162051
0.813616 0.667651 0.111842 0.162051
0.991458 0.221846 0.111842 0.162051
0.813629 0.667649 0.111842 0.162051
0.991459 0.22185 0.111842 0.162051
0.813631 0.667647 0.111842 0.162051
0.99146 0.221851 0.111842 0.162051
0.813616 0.667652 0.111842 0.162051
0.991458 0.221846 0.111842 0.162051
0.81361 0.667641 0.111842 0.162051
0.991453 0.221852 0.111842 0.162051
0.813616 0.667651 0.111842 0.162051
0.991458 0.221846 0.111842 0.162051
0.813629 0.667649 0.111842 0.162051
0.991459 0.22185 0.111842 0.162051
0.813631 0.667647 0.111842 0.162051
0.99146 0.221851 0.111842 0.162051
0.813616 0.667652 0.111842 0.162051
0.991458 0.221846 0.111842 0.162051
0.81361 0.667641 0.111842 0.162051
0.991453 0.221852 0.111842 0.162051
0.813616 0.667651 0.111842 0.162051
0.991458 0.221846 0.111842 0.162051
0.813629 0.667649 0.111842 0.162051
0.991459 0.22185 0.111842 0.162051
0.813631 0.667647 0.111842 0.162051
0.99146 0.221851 0.111842 0.162051
0.813616 0.667652 0.111842 0.162051
0.991458 0.221846 0.111842 0.162051
0.81361 0.667641 0.111842 0.162051
0.991453 0.221852 0.111842 0.162051
0.813616 0.667651 0.111842 0.162051
0.991458 0.221846 0.111842 0.162051
0.813629 0.667649 0.111842 0.162051
0.991459 0.22185 0.111842 0.162051
0.813631 0.667647 0.111842 0.162051
0.99146 0.221851 0.111842 0.162051
0.813616 0.667652 0.111842 0.162051
0.991458 0.221846 0.111842 0.162051
0.81361 0.667641 0.111842 0.162051
0.991453 0.221852 0.111842 0.162051
0.813616 0.667651 0.111842 0.162051
0.991458 0.221846 0.111842 0.162051
0.813629 0.667649 0.111842 0.162051
0.991459 0.22185 0.111842 0.162051
0.813631 0.667647 0.111842 0.162051
0.99146 0.221851 0.111842 0.162051
0.813616 0.667652 0.111842 0.162051
